Ask,BaseVolume,Bid,High,Last,Low,Market,OpenBuyOrders,OpenSellOrders,PrevDay,TimeStamp,Volume
0.00209005,31.82959836,0.00205018,0.00220307,0.00205018,0.00189714,BTC-PART,226.0,1092.0,0.00189715,2017-09-14T06:22:30.45,15712.77035329
0.00209004,31.82959836,0.00205018,0.00220307,0.00205018,0.00189714,BTC-PART,226.0,1092.0,0.00189715,2017-09-14T06:23:02.923,15712.77035329
0.00208998,31.82959836,0.00205018,0.00220307,0.00205018,0.00189714,BTC-PART,226.0,1092.0,0.00189715,2017-09-14T06:23:40.913,15712.77035329
0.00208991,31.82959836,0.00205018,0.00220307,0.00205018,0.00189714,BTC-PART,226.0,1092.0,0.00189715,2017-09-14T06:24:13.573,15712.77035329
0.00208987,31.82959836,0.00205018,0.00220307,0.00205018,0.00189714,BTC-PART,226.0,1092.0,0.00189715,2017-09-14T06:24:38.403,15712.77035329
0.00208992,31.82959836,0.00205018,0.00220307,0.00205018,0.00189714,BTC-PART,226.0,1092.0,0.00189715,2017-09-14T06:25:08.41,15712.77035329
0.00208988,31.82959836,0.00205018,0.00220307,0.00205018,0.00189714,BTC-PART,226.0,1092.0,0.00189715,2017-09-14T06:25:43.803,15712.77035329
0.00208986,31.82959836,0.00205018,0.00220307,0.00205018,0.00189714,BTC-PART,226.0,1092.0,0.00189715,2017-09-14T06:26:15.323,15712.77035329
0.00208978,31.82959836,0.00205018,0.00220307,0.00205018,0.00189714,BTC-PART,226.0,1092.0,0.00189715,2017-09-14T06:26:42.297,15712.77035329
0.00208972,31.82959836,0.00205018,0.00220307,0.00205018,0.00189714,BTC-PART,226.0,1092.0,0.00189715,2017-09-14T06:27:13.05,15712.77035329
0.00208965,31.82959836,0.00205018,0.00220307,0.00205018,0.00189714,BTC-PART,226.0,1092.0,0.00189715,2017-09-14T06:27:45.647,15712.77035329
0.00208961,31.82959836,0.00205018,0.00220307,0.00205018,0.00189714,BTC-PART,226.0,1092.0,0.00189715,2017-09-14T06:28:04.51,15712.77035329
0.00208953,31.82372474,0.00205018,0.00220307,0.00205018,0.00189714,BTC-PART,228.0,1091.0,0.00189715,2017-09-14T06:28:43.28,15709.67432227
0.00208947,31.82372474,0.00205018,0.00220307,0.00205018,0.00189714,BTC-PART,228.0,1091.0,0.00189715,2017-09-14T06:29:13.36,15709.67432227
0.00208945,31.82372474,0.00205018,0.00220307,0.00205018,0.00189714,BTC-PART,228.0,1091.0,0.00189715,2017-09-14T06:29:32.143,15709.67432227
0.0020894000000000004,31.82372474,0.00205018,0.00220307,0.00205018,0.00189714,BTC-PART,228.0,1091.0,0.00189715,2017-09-14T06:30:06.117,15709.67432227
0.00208936,31.82372474,0.00205018,0.00220307,0.00205018,0.00189714,BTC-PART,228.0,1091.0,0.00189715,2017-09-14T06:30:35.95,15709.67432227
0.00208932,31.82372474,0.00205018,0.00220307,0.00205018,0.00189714,BTC-PART,228.0,1091.0,0.00189715,2017-09-14T06:31:07.767,15709.67432227
0.00208929,31.82372474,0.00205018,0.00220307,0.00205018,0.00189714,BTC-PART,228.0,1091.0,0.00189715,2017-09-14T06:31:26.987,15709.67432227
0.00208927,31.82372474,0.00205018,0.00220307,0.00205018,0.00189714,BTC-PART,228.0,1091.0,0.00189715,2017-09-14T06:31:52.817,15709.67432227
0.00208927,31.82372474,0.00205018,0.00220307,0.00205018,0.00189714,BTC-PART,228.0,1091.0,0.00189715,2017-09-14T06:32:20.807,15709.67432227
0.0020892,31.82372474,0.00205018,0.00220307,0.00205018,0.00189714,BTC-PART,228.0,1091.0,0.00189715,2017-09-14T06:33:04.81,15709.67432227
0.00208914,31.82372474,0.00205018,0.00220307,0.00205018,0.00189714,BTC-PART,228.0,1091.0,0.00189715,2017-09-14T06:33:35.5,15709.67432227
0.00208915,31.82372474,0.00205018,0.00220307,0.00205018,0.00189714,BTC-PART,228.0,1091.0,0.00189715,2017-09-14T06:34:07.537,15709.67432227
0.0020891,31.82372474,0.00205018,0.00220307,0.00205018,0.00189714,BTC-PART,228.0,1091.0,0.00189715,2017-09-14T06:34:38.65,15709.67432227
0.00208905,31.82372474,0.00205018,0.00220307,0.00205018,0.00189714,BTC-PART,228.0,1091.0,0.00189715,2017-09-14T06:35:02.903,15709.67432227
0.00208898,31.82372474,0.00205018,0.00220307,0.00205018,0.00189714,BTC-PART,228.0,1091.0,0.00189715,2017-09-14T06:35:34.78,15709.67432227
0.00208894,31.82372474,0.00205018,0.00220307,0.00205018,0.00189714,BTC-PART,228.0,1091.0,0.00189715,2017-09-14T06:36:09.3,15709.67432227
0.0020889,31.82372474,0.00205018,0.00220307,0.00205018,0.00189714,BTC-PART,228.0,1091.0,0.00189715,2017-09-14T06:36:30.21,15709.67432227
0.00208884,31.82372474,0.00205018,0.00220307,0.00205018,0.00189714,BTC-PART,228.0,1091.0,0.00189715,2017-09-14T06:37:09.65,15709.67432227
0.0020888,31.82372474,0.00205018,0.00220307,0.00205018,0.00189714,BTC-PART,228.0,1091.0,0.00189715,2017-09-14T06:37:39.657,15709.67432227
0.00208875,31.82372474,0.00205018,0.00220307,0.00205018,0.00189714,BTC-PART,228.0,1091.0,0.00189715,2017-09-14T06:38:06.347,15709.67432227
0.00208876,31.82372474,0.00205018,0.00220307,0.00205018,0.00189714,BTC-PART,228.0,1091.0,0.00189715,2017-09-14T06:38:36.88,15709.67432227
0.00208872,31.82372474,0.00205018,0.00220307,0.00205018,0.00189714,BTC-PART,228.0,1091.0,0.00189715,2017-09-14T06:39:02.367,15709.67432227
0.00208871,31.82372474,0.00205018,0.00220307,0.00205018,0.00189714,BTC-PART,228.0,1091.0,0.00189715,2017-09-14T06:39:33.637,15709.67432227
0.00208864,31.82372474,0.00205018,0.00220307,0.00205018,0.00189714,BTC-PART,228.0,1091.0,0.00189715,2017-09-14T06:39:56.67,15709.67432227
0.0020886,31.82372474,0.00205018,0.00220307,0.00205018,0.00189714,BTC-PART,228.0,1091.0,0.00189715,2017-09-14T06:40:19.407,15709.67432227
0.00208855,31.82372474,0.00205018,0.00220307,0.00205018,0.00189714,BTC-PART,228.0,1091.0,0.00189715,2017-09-14T06:40:51.27,15709.67432227
0.00208853,31.82372474,0.00205018,0.00220307,0.00205018,0.00189714,BTC-PART,228.0,1091.0,0.00189715,2017-09-14T06:41:22.9,15709.67432227
0.00208846,31.82372474,0.00205018,0.00220307,0.00205018,0.00189714,BTC-PART,228.0,1091.0,0.00189715,2017-09-14T06:41:48.493,15709.67432227
0.00208841,31.82372474,0.00205018,0.00220307,0.00205018,0.00189714,BTC-PART,228.0,1091.0,0.00189715,2017-09-14T06:42:19.687,15709.67432227
0.00208834,31.82372474,0.00205018,0.00220307,0.00205018,0.00189714,BTC-PART,228.0,1091.0,0.00189715,2017-09-14T06:43:16.817,15709.67432227
0.00208826,31.61411035,0.00205022,0.00220307,0.00205018,0.00189714,BTC-PART,233.0,1092.0,0.0019,2017-09-14T06:44:09.68,15599.29662065
0.00208823,31.61411035,0.00205023,0.00220307,0.00205018,0.00189714,BTC-PART,233.0,1092.0,0.0019,2017-09-14T06:44:45.543,15599.29662065
0.00208816,31.61411035,0.00205023,0.00220307,0.00205018,0.00189714,BTC-PART,233.0,1092.0,0.0019,2017-09-14T06:45:12.61,15599.29662065
0.00208807,31.61411035,0.00205025,0.00220307,0.00205018,0.00189714,BTC-PART,233.0,1092.0,0.0019,2017-09-14T06:45:38.863,15599.29662065
0.002088,31.61411035,0.00205025,0.00220307,0.00205018,0.00189714,BTC-PART,233.0,1092.0,0.0019,2017-09-14T06:46:06.787,15599.29662065
0.00208792,31.61411035,0.00205027,0.00220307,0.00205018,0.00189714,BTC-PART,233.0,1092.0,0.0019,2017-09-14T06:46:37.12,15599.29662065
0.00208782,31.61411035,0.00205027,0.00220307,0.00205018,0.00189714,BTC-PART,233.0,1092.0,0.0019,2017-09-14T06:47:10.247,15599.29662065
0.00208773,31.61411035,0.00205019,0.00220307,0.00205018,0.00189714,BTC-PART,233.0,1092.0,0.0019,2017-09-14T06:47:38.407,15599.29662065
0.00208764,31.61411035,0.0020502,0.00220307,0.00205018,0.00189714,BTC-PART,233.0,1092.0,0.0019,2017-09-14T06:48:18.19,15599.29662065
0.00208757,31.61411035,0.00205019,0.00220307,0.00205018,0.00189714,BTC-PART,233.0,1092.0,0.0019,2017-09-14T06:48:40.07,15599.29662065
0.00208752,31.61411035,0.00205019,0.00220307,0.00205018,0.00189714,BTC-PART,233.0,1092.0,0.0019,2017-09-14T06:49:09.633,15599.29662065
0.00208744,31.61411035,0.00205021,0.00220307,0.00205018,0.00189714,BTC-PART,233.0,1092.0,0.0019,2017-09-14T06:49:38.073,15599.29662065
0.0020874,31.61411035,0.00205021,0.00220307,0.00205018,0.00189714,BTC-PART,233.0,1092.0,0.0019,2017-09-14T06:50:04.187,15599.29662065
0.00208735,31.61411035,0.00205019,0.00220307,0.00205018,0.00189714,BTC-PART,233.0,1092.0,0.0019,2017-09-14T06:50:35.003,15599.29662065
0.00208727,31.61411035,0.00205019,0.00220307,0.00205018,0.00189714,BTC-PART,233.0,1092.0,0.0019,2017-09-14T06:51:07.07,15599.29662065
0.00208719,31.61411035,0.00205019,0.00220307,0.00205018,0.00189714,BTC-PART,233.0,1092.0,0.0019,2017-09-14T06:51:33.163,15599.29662065
0.00208714,31.61411035,0.00205019,0.00220307,0.00205018,0.00189714,BTC-PART,233.0,1092.0,0.0019,2017-09-14T06:51:55.84,15599.29662065
0.00208707,31.61411035,0.00205022,0.00220307,0.00205018,0.00189714,BTC-PART,233.0,1092.0,0.0019,2017-09-14T06:52:22.433,15599.29662065
0.0020871,31.61411035,0.00205022,0.00220307,0.00205018,0.00189714,BTC-PART,233.0,1092.0,0.0019,2017-09-14T06:52:57.343,15599.29662065
0.00208705,31.61411035,0.00205023,0.00220307,0.00205018,0.00189714,BTC-PART,233.0,1092.0,0.0019,2017-09-14T06:53:22.317,15599.29662065
0.00208703,31.61411035,0.00205024,0.00220307,0.00205018,0.00189714,BTC-PART,233.0,1092.0,0.0019,2017-09-14T06:53:47.74,15599.29662065
0.00208854,31.50281545,0.00208705,0.00220307,0.00208703,0.00189714,BTC-PART,234.0,1089.0,0.0019,2017-09-14T06:53:56.52,15540.53235499
0.00208854,31.50281545,0.00208705,0.00220307,0.00208703,0.00189714,BTC-PART,234.0,1089.0,0.0019,2017-09-14T06:53:56.727,15540.53235499
0.00208854,31.50281545,0.00208705,0.00220307,0.00208703,0.00189714,BTC-PART,234.0,1089.0,0.0019,2017-09-14T06:53:56.52,15540.53235499
0.00208854,31.50281545,0.00208705,0.00220307,0.00208703,0.00189714,BTC-PART,234.0,1089.0,0.0019,2017-09-14T06:53:56.727,15540.53235499
0.00208854,31.50281545,0.00208705,0.00220307,0.00208703,0.00189714,BTC-PART,234.0,1089.0,0.0019,2017-09-14T06:53:56.727,15540.53235499
0.00208854,31.50281545,0.00208705,0.00220307,0.00208703,0.00189714,BTC-PART,234.0,1089.0,0.0019,2017-09-14T06:53:56.727,15540.53235499
0.00208854,31.50281545,0.00208705,0.00220307,0.00208703,0.00189714,BTC-PART,234.0,1089.0,0.0019,2017-09-14T06:53:56.727,15540.53235499
0.00209154,31.50281545,0.00208705,0.00220307,0.00208703,0.00189714,BTC-PART,234.0,1089.0,0.0019,2017-09-14T06:57:43.263,15540.53235499
0.00209154,31.50281545,0.00208705,0.00220307,0.00208703,0.00189714,BTC-PART,234.0,1089.0,0.0019,2017-09-14T06:57:43.263,15540.53235499
0.00209154,31.50281545,0.00208705,0.00220307,0.00208703,0.00189714,BTC-PART,234.0,1089.0,0.0019,2017-09-14T06:57:43.263,15540.53235499
0.00209154,31.084220000000002,0.00208705,0.00220307,0.00208705,0.00189714,BTC-PART,228.0,1088.0,0.00189714,2017-09-14T06:58:53.707,15309.58180315
0.00209154,31.08422,0.00208705,0.00220307,0.00208705,0.00189714,BTC-PART,228.0,1088.0,0.00189714,2017-09-14T06:58:53.707,15309.58180315
0.00209154,31.084220000000002,0.00208705,0.00220307,0.00208705,0.00189714,BTC-PART,228.0,1088.0,0.00189714,2017-09-14T06:58:53.707,15309.58180315
0.00207223,31.75653977,0.00201055,0.00220307,0.00201065,0.00189714,BTC-PART,220.0,1087.0,0.00189714,2017-09-14T07:00:30.213,15607.90483949
0.00207222,32.80518576,0.00205573,0.00220307,0.002,0.00189714,BTC-PART,218.0,1089.0,0.00189714,2017-09-14T07:01:02.843,16130.67877631
0.00207222,32.80518576,0.00205573,0.00220307,0.002,0.00189714,BTC-PART,218.0,1089.0,0.00189714,2017-09-14T07:01:02.843,16130.67877631
0.00207222,32.80518576,0.00205573,0.00220307,0.002,0.00189714,BTC-PART,218.0,1089.0,0.00189714,2017-09-14T07:01:51.94,16130.67877631
0.00207222,32.80518576,0.00205573,0.00220307,0.002,0.00189714,BTC-PART,218.0,1089.0,0.00189714,2017-09-14T07:01:51.94,16130.67877631
0.00207222,32.80518576,0.00205573,0.00220307,0.002,0.00189714,BTC-PART,218.0,1089.0,0.00189714,2017-09-14T07:02:49.087,16130.67877631
0.00207222,32.80518576,0.00205573,0.00220307,0.002,0.00189714,BTC-PART,218.0,1089.0,0.00189714,2017-09-14T07:02:48.743,16130.67877631
0.00207222,32.42607539,0.00205573,0.00220307,0.00205573,0.00189715,BTC-PART,235.0,1089.0,0.00189714,2017-09-14T07:03:43.327,15930.74044131
0.00207222,32.42607539,0.00205573,0.00220307,0.00205573,0.00189715,BTC-PART,235.0,1089.0,0.00189714,2017-09-14T07:04:19.86,15930.74044131
0.00207222,32.42607539,0.00205573,0.00220307,0.00205573,0.00189715,BTC-PART,235.0,1089.0,0.00189714,2017-09-14T07:04:19.86,15930.74044131
0.00207222,32.42607539,0.00205573,0.00220307,0.00205573,0.00189715,BTC-PART,235.0,1089.0,0.00189714,2017-09-14T07:04:19.86,15930.74044131
0.00207222,32.42607539,0.00205573,0.00220307,0.00205573,0.00189715,BTC-PART,235.0,1089.0,0.00189714,2017-09-14T07:04:19.86,15930.74044131
0.00207223,32.39181564,0.00201064,0.00220307,0.00201062,0.00189894,BTC-PART,228.0,1089.0,0.0019,2017-09-14T07:06:25.48,15910.74044131
0.00207221,32.39181564,0.00201067,0.00220307,0.00201062,0.00189894,BTC-PART,228.0,1089.0,0.0019,2017-09-14T07:06:59.857,15910.74044131
0.00207221,32.39181564,0.0020107,0.00220307,0.00201062,0.00189894,BTC-PART,228.0,1089.0,0.0019,2017-09-14T07:07:38.087,15910.74044131
0.00207221,32.39181564,0.00201072,0.00220307,0.00201062,0.00189894,BTC-PART,228.0,1089.0,0.0019,2017-09-14T07:07:57.373,15910.74044131
0.0020722,32.39181564,0.00201074,0.00220307,0.00201062,0.00189894,BTC-PART,228.0,1089.0,0.0019,2017-09-14T07:08:27.243,15910.74044131
0.00207208,32.39181564,0.00201076,0.00220307,0.00201062,0.00189894,BTC-PART,228.0,1089.0,0.0019,2017-09-14T07:08:56.837,15910.74044131
0.002072,32.39181564,0.00201078,0.00220307,0.00201062,0.00189894,BTC-PART,228.0,1089.0,0.0019,2017-09-14T07:09:04.73,15910.74044131
0.00207135,32.39181564,0.00201083,0.00220307,0.00201062,0.00189894,BTC-PART,228.0,1089.0,0.0019,2017-09-14T07:10:04.99,15910.74044131
0.00207106,32.39181564,0.00201086,0.00220307,0.00201062,0.00189894,BTC-PART,228.0,1089.0,0.0019,2017-09-14T07:10:31.97,15910.74044131
0.00207069,32.39181564,0.0020109000000000004,0.00220307,0.00201062,0.00189894,BTC-PART,228.0,1089.0,0.0019,2017-09-14T07:10:59.373,15910.74044131
0.00207041,32.39181564,0.00201093,0.00220307,0.00201062,0.00189894,BTC-PART,228.0,1089.0,0.0019,2017-09-14T07:11:24.18,15910.74044131
0.00207022,32.39181564,0.00201097,0.00220307,0.00201062,0.00189894,BTC-PART,228.0,1089.0,0.0019,2017-09-14T07:11:52.85,15910.74044131
0.00206986,32.39181564,0.00201101,0.00220307,0.00201062,0.00189894,BTC-PART,228.0,1089.0,0.0019,2017-09-14T07:12:22.517,15910.74044131
0.00206967,32.39181564,0.00201105,0.00220307,0.00201062,0.00189894,BTC-PART,228.0,1089.0,0.0019,2017-09-14T07:12:49.7,15910.74044131
0.00206921,32.39181564,0.00201112,0.00220307,0.00201062,0.00189894,BTC-PART,228.0,1089.0,0.0019,2017-09-14T07:13:38.237,15910.74044131
0.00206892,32.39181564,0.00201116,0.00220307,0.00201062,0.00189894,BTC-PART,228.0,1089.0,0.0019,2017-09-14T07:14:04.107,15910.74044131
0.00206855,32.39181564,0.0020112000000000003,0.00220307,0.00201062,0.00189894,BTC-PART,228.0,1089.0,0.0019,2017-09-14T07:14:36.603,15910.74044131
0.00206828,32.39181564,0.00201124,0.00220307,0.00201062,0.00189894,BTC-PART,228.0,1089.0,0.0019,2017-09-14T07:15:03.367,15910.74044131
0.0020679,32.39181564,0.00201129,0.00220307,0.00201062,0.00189894,BTC-PART,228.0,1089.0,0.0019,2017-09-14T07:15:33.673,15910.74044131
0.00206769,32.39181564,0.00201133,0.00220307,0.00201062,0.00189894,BTC-PART,228.0,1089.0,0.0019,2017-09-14T07:15:56.387,15910.74044131
0.0020673,32.39181564,0.00201137,0.00220307,0.00201062,0.00189894,BTC-PART,228.0,1089.0,0.0019,2017-09-14T07:16:30.493,15910.74044131
0.00206694,32.39181564,0.0020114,0.00220307,0.00201062,0.00189894,BTC-PART,228.0,1089.0,0.0019,2017-09-14T07:17:07.417,15910.74044131
0.00206679,32.39181564,0.00201144,0.00220307,0.00201062,0.00189894,BTC-PART,228.0,1089.0,0.0019,2017-09-14T07:17:36.91,15910.74044131
0.0020664999999999998,32.39181564,0.00201148,0.00220307,0.00201062,0.00189894,BTC-PART,228.0,1089.0,0.0019,2017-09-14T07:18:08.237,15910.74044131
0.00206599,32.39181564,0.00201155,0.00220307,0.00201062,0.00189894,BTC-PART,228.0,1089.0,0.0019,2017-09-14T07:19:03.087,15910.74044131
0.0020656,32.39181564,0.00201161,0.00220307,0.00201062,0.00189894,BTC-PART,228.0,1089.0,0.0019,2017-09-14T07:19:39.537,15910.74044131
0.00206523,32.39181564,0.00201166,0.00220307,0.00201062,0.00189894,BTC-PART,228.0,1089.0,0.0019,2017-09-14T07:20:17.82,15910.74044131
0.00206493,32.39181564,0.0020117,0.00220307,0.00201062,0.00189894,BTC-PART,228.0,1089.0,0.0019,2017-09-14T07:20:50.783,15910.74044131
0.00206466,32.13216346,0.00201172,0.00220307,0.00201062,0.0019,BTC-PART,227.0,1095.0,0.00189894,2017-09-14T07:21:09.93,15774.63924043
0.0020643000000000002,32.13216346,0.00201176,0.00220307,0.00201062,0.0019,BTC-PART,227.0,1095.0,0.00189894,2017-09-14T07:21:44.663,15774.63924043
0.00206401,32.13216346,0.00201179,0.00220307,0.00201062,0.0019,BTC-PART,227.0,1095.0,0.00189894,2017-09-14T07:22:17.223,15774.63924043
0.00206373,32.13216346,0.00201182,0.00220307,0.00201062,0.0019,BTC-PART,227.0,1095.0,0.00189894,2017-09-14T07:22:41.75,15774.63924043
0.00206345,32.13216346,0.00201186,0.00220307,0.00201062,0.0019,BTC-PART,227.0,1095.0,0.00189894,2017-09-14T07:23:10.26,15774.63924043
0.00206333,32.13216346,0.00201189,0.00220307,0.00201062,0.0019,BTC-PART,227.0,1095.0,0.00189894,2017-09-14T07:23:38.91,15774.63924043
0.00206305,32.13216346,0.00201193,0.00220307,0.00201062,0.0019,BTC-PART,227.0,1095.0,0.00189894,2017-09-14T07:24:16.237,15774.63924043
0.00206277,32.13216346,0.00201197,0.00220307,0.00201062,0.0019,BTC-PART,227.0,1095.0,0.00189894,2017-09-14T07:24:44.06,15774.63924043
0.00206232,32.13216346,0.00201202,0.00220307,0.00201062,0.0019,BTC-PART,227.0,1095.0,0.00189894,2017-09-14T07:25:19.493,15774.63924043
0.00206197,32.13216346,0.00201206,0.00220307,0.00201062,0.0019,BTC-PART,227.0,1095.0,0.00189894,2017-09-14T07:25:45.44,15774.63924043
0.00206177,32.13216346,0.00201209,0.00220307,0.00201062,0.0019,BTC-PART,227.0,1095.0,0.00189894,2017-09-14T07:26:13.34,15774.63924043
0.00206149,32.13216346,0.00201212,0.00220307,0.00201062,0.0019,BTC-PART,227.0,1095.0,0.00189894,2017-09-14T07:26:43.68,15774.63924043
0.00206128,32.13216346,0.00201216,0.00220307,0.00201062,0.0019,BTC-PART,227.0,1095.0,0.00189894,2017-09-14T07:27:06.08,15774.63924043
0.00206091,32.13216346,0.0020122,0.00220307,0.00201062,0.0019,BTC-PART,227.0,1095.0,0.00189894,2017-09-14T07:27:35.637,15774.63924043
0.0020607,32.13216346,0.00201224,0.00220307,0.00201062,0.0019,BTC-PART,227.0,1095.0,0.00189894,2017-09-14T07:28:10.43,15774.63924043
0.00206049,32.13216346,0.00201228,0.00220307,0.00201062,0.0019,BTC-PART,227.0,1095.0,0.00189894,2017-09-14T07:28:35.627,15774.63924043
0.00205,32.13216346,0.00201228,0.00220307,0.00201062,0.0019,BTC-PART,227.0,1095.0,0.00189894,2017-09-14T07:29:04.153,15774.63924043
0.00204999,32.13216346,0.0020123000000000003,0.00220307,0.00201062,0.0019,BTC-PART,227.0,1095.0,0.00189894,2017-09-14T07:29:14.593,15774.63924043
0.00204,32.13216346,0.00201231,0.00220307,0.00201062,0.0019,BTC-PART,227.0,1095.0,0.00189894,2017-09-14T07:30:04.97,15774.63924043
0.00203,32.13216346,0.00201107,0.00220307,0.00201062,0.0019,BTC-PART,227.0,1095.0,0.00189894,2017-09-14T07:30:38.077,15774.63924043
0.00203,32.13216346,0.00201105,0.00220307,0.00201062,0.0019,BTC-PART,227.0,1095.0,0.00189894,2017-09-14T07:30:50.923,15774.63924043
0.00203,32.10120798,0.00201105,0.00220307,0.00203,0.0019,BTC-PART,225.0,1094.0,0.00192429,2017-09-14T07:31:20.433,15758.51999687
0.00203,32.10120798,0.00201105,0.00220307,0.00203,0.0019,BTC-PART,225.0,1094.0,0.00192429,2017-09-14T07:31:20.433,15758.51999687
0.00203,32.10120798,0.00201105,0.00220307,0.00203,0.0019,BTC-PART,225.0,1094.0,0.00192429,2017-09-14T07:31:20.433,15758.51999687
0.00203,32.10120798,0.00201105,0.00220307,0.00203,0.0019,BTC-PART,225.0,1094.0,0.00192429,2017-09-14T07:31:20.433,15758.51999687
0.00203,32.10120798,0.00201105,0.00220307,0.00203,0.0019,BTC-PART,225.0,1094.0,0.00192429,2017-09-14T07:31:20.433,15758.51999687
0.00203,31.85384516,0.00201105,0.00220307,0.00203,0.0019,BTC-PART,223.0,1093.0,0.00196313,2017-09-14T07:34:05.897,15631.63520367
0.00203,31.85384516,0.00201105,0.00220307,0.00203,0.0019,BTC-PART,223.0,1093.0,0.00196313,2017-09-14T07:34:05.897,15631.63520367
0.00202999,35.27718236,0.00199703,0.00220307,0.00199703,0.0019,BTC-PART,169.0,1093.0,0.00196313,2017-09-14T07:34:57.21,17414.28999724
0.00201672,35.27768726,0.002,0.00220307,0.00202999,0.0019,BTC-PART,183.0,1096.0,0.00196313,2017-09-14T07:35:05.073,17414.53871768
0.00201672,35.27768726,0.002,0.00220307,0.00202999,0.0019,BTC-PART,183.0,1096.0,0.00196313,2017-09-14T07:35:05.073,17414.53871768
0.00201672,35.27768726,0.002,0.00220307,0.00202999,0.0019,BTC-PART,183.0,1096.0,0.00196313,2017-09-14T07:35:05.463,17414.53871768
0.00201672,35.27768726,0.002,0.00220307,0.00202999,0.0019,BTC-PART,183.0,1096.0,0.00196313,2017-09-14T07:35:05.073,17414.53871768
0.00202998,35.27768726,0.002,0.00220307,0.00202999,0.0019,BTC-PART,183.0,1096.0,0.00196313,2017-09-14T07:37:16.6,17414.53871768
0.00202998,35.19022688,0.002,0.00220307,0.002,0.0019,BTC-PART,195.0,1122.0,0.00196314,2017-09-14T07:37:30.887,17369.76925284
0.00202998,35.19022688,0.002002,0.00220307,0.002,0.0019,BTC-PART,195.0,1122.0,0.00196314,2017-09-14T07:38:10.773,17369.76925284
0.00202998,35.19022688,0.002002,0.00220307,0.002,0.0019,BTC-PART,195.0,1122.0,0.00196314,2017-09-14T07:38:10.773,17369.76925284
0.00201067,35.19022688,0.002002,0.00220307,0.002,0.0019,BTC-PART,195.0,1122.0,0.00196314,2017-09-14T07:38:49.927,17369.76925284
0.00201067,35.19022688,0.002002,0.00220307,0.002,0.0019,BTC-PART,195.0,1122.0,0.00196314,2017-09-14T07:38:49.927,17369.76925284
0.00201067,35.20028023,0.002002,0.00220307,0.00201067,0.0019,BTC-PART,199.0,1138.0,0.00196314,2017-09-14T07:40:05.123,17374.76925284
0.00202997,35.20028023,0.00200201,0.00220307,0.00201067,0.0019,BTC-PART,199.0,1138.0,0.00196314,2017-09-14T07:40:24.99,17374.76925284
0.00202997,35.20028023,0.00200201,0.00220307,0.00201067,0.0019,BTC-PART,199.0,1138.0,0.00196314,2017-09-14T07:40:24.99,17374.76925284
0.00202997,35.20028023,0.00200201,0.00220307,0.00201067,0.0019,BTC-PART,199.0,1138.0,0.00196314,2017-09-14T07:40:24.99,17374.76925284
0.00202997,35.22027308,0.00200001,0.00220307,0.00200001,0.0019,BTC-PART,200.0,1139.0,0.001945,2017-09-14T07:42:11.96,17384.65674311
0.00202997,35.22027308,0.00200001,0.00220307,0.00200001,0.0019,BTC-PART,200.0,1139.0,0.001945,2017-09-14T07:42:11.96,17384.65674311
0.00202998,35.22027308,0.00200002,0.00220307,0.00200001,0.0019,BTC-PART,200.0,1139.0,0.001945,2017-09-14T07:42:54.44,17384.65674311
0.00202998,35.22027308,0.00200002,0.00220307,0.00200001,0.0019,BTC-PART,200.0,1139.0,0.001945,2017-09-14T07:42:54.44,17384.65674311
0.00202998,35.22027308,0.00200002,0.00220307,0.00200001,0.0019,BTC-PART,200.0,1139.0,0.001945,2017-09-14T07:42:54.44,17384.65674311
0.00202998,35.22027308,0.00200002,0.00220307,0.00200001,0.0019,BTC-PART,200.0,1139.0,0.001945,2017-09-14T07:42:54.44,17384.65674311
0.00202998,35.22027308,0.00200002,0.00220307,0.00200001,0.0019,BTC-PART,200.0,1139.0,0.001945,2017-09-14T07:42:54.44,17384.65674311
0.00200002,35.23226182,0.00200001,0.00220307,0.00200002,0.0019,BTC-PART,198.0,1138.0,0.00195,2017-09-14T07:45:36.757,17390.52538801
0.00200002,35.23226182,0.00200001,0.00220307,0.00200002,0.0019,BTC-PART,198.0,1138.0,0.00195,2017-09-14T07:45:36.757,17390.52538801
0.00200002,35.23226182,0.00200001,0.00220307,0.00200002,0.0019,BTC-PART,198.0,1138.0,0.00195,2017-09-14T07:45:36.757,17390.52538801
0.00200002,35.23226182,0.00200001,0.00220307,0.00200002,0.0019,BTC-PART,198.0,1138.0,0.00195,2017-09-14T07:45:36.757,17390.52538801
0.00200002,35.23226182,0.00200001,0.00220307,0.00200002,0.0019,BTC-PART,198.0,1138.0,0.00195,2017-09-14T07:45:36.757,17390.52538801
0.00200002,35.23226182,0.00200001,0.00220307,0.00200002,0.0019,BTC-PART,198.0,1138.0,0.00195,2017-09-14T07:45:36.757,17390.52538801
0.00202998,35.23226182,0.00200001,0.00220307,0.00200002,0.0019,BTC-PART,198.0,1138.0,0.00195,2017-09-14T07:48:40.857,17390.52538801
0.00200001,35.23326598,0.002,0.00220307,0.00200001,0.0019,BTC-PART,193.0,1135.0,0.00195,2017-09-14T07:48:56.517,17391.02747229
0.00200001,35.23326598,0.002,0.00220307,0.00200001,0.0019,BTC-PART,193.0,1135.0,0.00195,2017-09-14T07:48:56.517,17391.02747229
0.00200001,35.23326598,0.002,0.00220307,0.00200001,0.0019,BTC-PART,193.0,1135.0,0.00195,2017-09-14T07:48:56.517,17391.02747229
0.00200001,35.23326598,0.002,0.00220307,0.00200001,0.0019,BTC-PART,193.0,1135.0,0.00195,2017-09-14T07:48:56.517,17391.02747229
0.00200001,35.23326598,0.002,0.00220307,0.00200001,0.0019,BTC-PART,193.0,1135.0,0.00195,2017-09-14T07:48:56.517,17391.02747229
0.00200001,35.23326598,0.002,0.00220307,0.00200001,0.0019,BTC-PART,193.0,1135.0,0.00195,2017-09-14T07:48:56.517,17391.02747229
0.00200001,35.23378385,0.002,0.00220307,0.00200001,0.0019,BTC-PART,196.0,1140.0,0.00195,2017-09-14T07:51:52.317,17391.2864102
0.002,35.29926103,0.00196994,0.00220307,0.002,0.0019,BTC-PART,176.0,1137.0,0.00195,2017-09-14T07:52:21.463,17424.0250355
0.00199998,35.29926103,0.00196995,0.00220307,0.002,0.0019,BTC-PART,176.0,1137.0,0.00195,2017-09-14T07:52:48.597,17424.0250355
0.00199997,35.29926103,0.00196995,0.00220307,0.002,0.0019,BTC-PART,176.0,1137.0,0.00195,2017-09-14T07:53:33.08,17424.0250355
0.00199996,35.29926103,0.00196995,0.00220307,0.002,0.0019,BTC-PART,176.0,1137.0,0.00195,2017-09-14T07:53:57.333,17424.0250355
0.00199986,35.30046102,0.00196995,0.00220307,0.00199986,0.0019,BTC-PART,269.0,1165.0,0.00195,2017-09-14T07:54:47.99,17424.6250775
0.00199976,35.30132687,0.00196995,0.00220307,0.00199985,0.0019,BTC-PART,269.0,1166.0,0.00195,2017-09-14T07:55:07.307,17425.05803586
0.00199966,35.30132687,0.00196995,0.00220307,0.00199985,0.0019,BTC-PART,269.0,1166.0,0.00195,2017-09-14T07:55:35.283,17425.05803586
0.00199964,35.31732335,0.00196995,0.00220307,0.00199956,0.0019,BTC-PART,277.0,1182.0,0.00195,2017-09-14T07:56:09.87,17433.05803586
0.00199947,35.31732335,0.00196995,0.00220307,0.00199956,0.0019,BTC-PART,277.0,1182.0,0.00195,2017-09-14T07:56:39.69,17433.05803586
0.00199952,35.31732335,0.00196995,0.00220307,0.00199956,0.0019,BTC-PART,277.0,1182.0,0.00195,2017-09-14T07:57:08.683,17433.05803586
0.00199952,35.31732335,0.00196995,0.00220307,0.00199956,0.0019,BTC-PART,277.0,1182.0,0.00195,2017-09-14T07:57:37.3,17433.05803586
0.002,35.31732335,0.00196995,0.00220307,0.00199956,0.0019,BTC-PART,277.0,1182.0,0.00195,2017-09-14T07:58:04.777,17433.05803586
0.00199982,35.31732335,0.00196995,0.00220307,0.00199956,0.0019,BTC-PART,277.0,1182.0,0.00195,2017-09-14T07:58:33.813,17433.05803586
0.00199955,35.31732335,0.00196995,0.00220307,0.00199956,0.0019,BTC-PART,277.0,1182.0,0.00195,2017-09-14T07:59:02.4,17433.05803586
0.002,35.31732335,0.00196995,0.00220307,0.00199956,0.0019,BTC-PART,277.0,1182.0,0.00195,2017-09-14T07:59:29.017,17433.05803586
0.00199973,35.31732335,0.00196995,0.00220307,0.00199956,0.0019,BTC-PART,277.0,1182.0,0.00195,2017-09-14T07:59:59.43,17433.05803586
0.00199954,35.31732335,0.00196995,0.00220307,0.00199956,0.0019,BTC-PART,277.0,1182.0,0.00195,2017-09-14T08:00:24.983,17433.05803586
0.00199999,35.31732335,0.00196995,0.00220307,0.00199956,0.0019,BTC-PART,277.0,1182.0,0.00195,2017-09-14T08:00:49.787,17433.05803586
0.00199973,35.31732335,0.00196995,0.00220307,0.00199956,0.0019,BTC-PART,277.0,1182.0,0.00195,2017-09-14T08:01:17.637,17433.05803586
0.00199954,35.31732335,0.00196995,0.00220307,0.00199956,0.0019,BTC-PART,277.0,1182.0,0.00195,2017-09-14T08:01:53.147,17433.05803586
0.00199945,35.31732335,0.00196995,0.00220307,0.00199956,0.0019,BTC-PART,277.0,1182.0,0.00195,2017-09-14T08:02:13.84,17433.05803586
0.00199945,35.31732335,0.00196995,0.00220307,0.00199956,0.0019,BTC-PART,277.0,1182.0,0.00195,2017-09-14T08:02:13.84,17433.05803586
0.00199949,35.31732335,0.00196995,0.00220307,0.00199956,0.0019,BTC-PART,277.0,1182.0,0.00195,2017-09-14T08:03:11.527,17433.05803586
0.00199957,35.31732335,0.00196995,0.00220307,0.00199956,0.0019,BTC-PART,277.0,1182.0,0.00195,2017-09-14T08:03:38.47,17433.05803586
0.00199949,35.31732335,0.00196995,0.00220307,0.00199956,0.0019,BTC-PART,277.0,1182.0,0.00195,2017-09-14T08:04:08.21,17433.05803586
0.00199949,35.31732335,0.00196995,0.00220307,0.00199956,0.0019,BTC-PART,277.0,1182.0,0.00195,2017-09-14T08:05:42.78,17433.05803586
0.00199956,35.31732335,0.00196995,0.00220307,0.00199956,0.0019,BTC-PART,277.0,1182.0,0.00195,2017-09-14T08:06:16.993,17433.05803586
0.00199955,35.31732335,0.00196995,0.00220307,0.00199956,0.0019,BTC-PART,277.0,1182.0,0.00195,2017-09-14T08:06:42.373,17433.05803586
0.00199957,35.31732335,0.00196995,0.00220307,0.00199956,0.0019,BTC-PART,277.0,1182.0,0.00195,2017-09-14T08:07:08.19,17433.05803586
0.00199948,35.31732335,0.00196995,0.00220307,0.00199956,0.0019,BTC-PART,277.0,1182.0,0.00195,2017-09-14T08:07:21.57,17433.05803586
0.00199958,35.31732335,0.00196995,0.00220307,0.00199956,0.0019,BTC-PART,277.0,1182.0,0.00195,2017-09-14T08:08:06.503,17433.05803586
0.00199959,35.31732335,0.00196995,0.00220307,0.00199956,0.0019,BTC-PART,277.0,1182.0,0.00195,2017-09-14T08:08:34.603,17433.05803586
0.00199941,35.31732335,0.00196995,0.00220307,0.00199956,0.0019,BTC-PART,277.0,1182.0,0.00195,2017-09-14T08:08:56.717,17433.05803586
0.00199941,35.31732335,0.00196995,0.00220307,0.00199956,0.0019,BTC-PART,277.0,1182.0,0.00195,2017-09-14T08:09:26.943,17433.05803586
0.00199955,35.31732335,0.00196995,0.00220307,0.00199956,0.0019,BTC-PART,277.0,1182.0,0.00195,2017-09-14T08:09:58.607,17433.05803586
0.00199947,35.31732335,0.00196995,0.00220307,0.00199956,0.0019,BTC-PART,277.0,1182.0,0.00195,2017-09-14T08:10:14,17433.05803586
0.00199945,35.31732335,0.00196995,0.00220307,0.00199956,0.0019,BTC-PART,277.0,1182.0,0.00195,2017-09-14T08:10:51.743,17433.05803586
0.00199945,34.79096364,0.00196995,0.00220307,0.00199956,0.0019,BTC-PART,281.0,1182.0,0.00197,2017-09-14T08:11:12.92,17165.32895287
0.00199948,34.79096364,0.00196995,0.00220307,0.00199956,0.0019,BTC-PART,281.0,1182.0,0.00197,2017-09-14T08:11:52.24,17165.32895287
0.00199948,34.79096364,0.00196995,0.00220307,0.00199956,0.0019,BTC-PART,281.0,1182.0,0.00197,2017-09-14T08:11:52.24,17165.32895287
0.00199949,34.79096364,0.00196995,0.00220307,0.00199956,0.0019,BTC-PART,281.0,1182.0,0.00197,2017-09-14T08:12:52.27,17165.32895287
0.00199958,34.79177379,0.00196995,0.00220307,0.00196995,0.0019,BTC-PART,284.0,1185.0,0.00197,2017-09-14T08:13:20.26,17165.74021085
0.00199957,34.79177379,0.00196995,0.00220307,0.00196995,0.0019,BTC-PART,284.0,1185.0,0.00197,2017-09-14T08:14:02.693,17165.74021085
0.00199956,34.79177379,0.00196995,0.00220307,0.00196995,0.0019,BTC-PART,284.0,1185.0,0.00197,2017-09-14T08:14:36.98,17165.74021085
0.00199947,34.79177379,0.00196995,0.00220307,0.00196995,0.0019,BTC-PART,284.0,1185.0,0.00197,2017-09-14T08:14:57,17165.74021085
0.00199954,34.79177379,0.00196995,0.00220307,0.00196995,0.0019,BTC-PART,284.0,1185.0,0.00197,2017-09-14T08:15:31.227,17165.74021085
0.00199944,34.79177379,0.00196996,0.00220307,0.00196995,0.0019,BTC-PART,284.0,1185.0,0.00197,2017-09-14T08:15:59.28,17165.74021085
0.00199946,34.79177379,0.00196996,0.00220307,0.00196995,0.0019,BTC-PART,284.0,1185.0,0.00197,2017-09-14T08:16:39.163,17165.74021085
0.00199953,34.79516529,0.00196996,0.00220307,0.00199945,0.0019,BTC-PART,286.0,1183.0,0.00197,2017-09-14T08:17:19.89,17167.43642731
0.00199944,34.79516529,0.00196996,0.00220307,0.00199945,0.0019,BTC-PART,286.0,1183.0,0.00197,2017-09-14T08:17:40.257,17167.43642731
0.00199943,34.79516529,0.00196996,0.00220307,0.00199945,0.0019,BTC-PART,286.0,1183.0,0.00197,2017-09-14T08:17:49.04,17167.43642731
0.00199954,34.79516529,0.00196996,0.00220307,0.00199945,0.0019,BTC-PART,286.0,1183.0,0.00197,2017-09-14T08:18:40.41,17167.43642731
0.00199946,34.79516529,0.00196996,0.00220307,0.00199945,0.0019,BTC-PART,286.0,1183.0,0.00197,2017-09-14T08:19:08.477,17167.43642731
0.0020044,34.87502756,0.00199945,0.00220307,0.00200001,0.0019,BTC-PART,289.0,1180.0,0.00197,2017-09-14T08:19:31.84,17207.37278279
0.0020044,34.87502756,0.00199945,0.00220307,0.00200001,0.0019,BTC-PART,289.0,1180.0,0.00197,2017-09-14T08:19:31.84,17207.37278279
0.0020288,34.96555777,0.00199946,0.00220307,0.0020288,0.0019,BTC-PART,286.0,1170.0,0.00197,2017-09-14T08:20:39.777,17252.37278279
0.00203,35.01630336,0.00199948,0.00220307,0.00203,0.0019,BTC-PART,286.0,1156.0,0.00197,2017-09-14T08:21:08.173,17277.37278279
0.00203999,35.03136108,0.00199952,0.00220307,0.00203,0.0019,BTC-PART,286.0,1156.0,0.00197,2017-09-14T08:21:39.773,17284.79038292
0.00204,35.13010006,0.00203999,0.00220307,0.00203999,0.0019,BTC-PART,282.0,1155.0,0.00197,2017-09-14T08:22:06.653,17333.192088699998
0.0020399999999999997,35.13250006,0.00203999,0.00220307,0.00203999,0.0019,BTC-PART,232.0,1154.0,0.00197,2017-09-14T08:22:39.8,17334.36856506
0.00203999,35.13336055,0.0019995,0.00220307,0.00203999,0.0019,BTC-PART,207.0,1155.0,0.00197,2017-09-14T08:23:16.653,17334.79038292
0.00203999,35.13336055,0.00199962,0.00220307,0.00203999,0.0019,BTC-PART,207.0,1155.0,0.00197,2017-09-14T08:23:48.033,17334.79038292
0.00203999,35.13336055,0.00199972,0.00220307,0.00203999,0.0019,BTC-PART,207.0,1155.0,0.00197,2017-09-14T08:24:20.697,17334.79038292
0.00203999,35.13336055,0.0019998,0.00220307,0.00203999,0.0019,BTC-PART,207.0,1155.0,0.00197,2017-09-14T08:24:53.25,17334.79038292
0.00203999,35.13336055,0.00199988,0.00220307,0.00203999,0.0019,BTC-PART,207.0,1155.0,0.00197,2017-09-14T08:25:19.74,17334.79038292
0.00203999,35.13336055,0.00200999,0.00220307,0.00203999,0.0019,BTC-PART,207.0,1155.0,0.00197,2017-09-14T08:25:45.29,17334.79038292
0.00203999,35.13336055,0.00201,0.00220307,0.00203999,0.0019,BTC-PART,207.0,1155.0,0.00197,2017-09-14T08:26:23.127,17334.79038292
0.00203999,35.13336055,0.00201,0.00220307,0.00203999,0.0019,BTC-PART,207.0,1155.0,0.00197,2017-09-14T08:26:23.127,17334.79038292
0.00203999,35.13336055,0.00201,0.00220307,0.00203999,0.0019,BTC-PART,207.0,1155.0,0.00197,2017-09-14T08:26:23.127,17334.79038292
0.00203999,35.13336055,0.00201,0.00220307,0.00203999,0.0019,BTC-PART,207.0,1155.0,0.00197,2017-09-14T08:26:23.127,17334.79038292
0.00203999,35.13336055,0.00201,0.00220307,0.00203999,0.0019,BTC-PART,207.0,1155.0,0.00197,2017-09-14T08:26:23.127,17334.79038292
0.00203999,35.13336055,0.00201,0.00220307,0.00203999,0.0019,BTC-PART,207.0,1155.0,0.00197,2017-09-14T08:26:23.127,17334.79038292
0.00203999,35.13336055,0.00201,0.00220307,0.00203999,0.0019,BTC-PART,207.0,1155.0,0.00197,2017-09-14T08:26:23.127,17334.79038292
0.0020399999999999997,34.27068586,0.00203999,0.00220307,0.00203999,0.0019,BTC-PART,211.0,1158.0,0.00196996,2017-09-14T08:29:44.98,16896.15819352
0.00204,34.27068586,0.00203999,0.00220307,0.00203999,0.0019,BTC-PART,211.0,1158.0,0.00196996,2017-09-14T08:29:44.98,16896.15819352
0.0020399999999999997,34.27068586,0.00203999,0.00220307,0.00203999,0.0019,BTC-PART,211.0,1158.0,0.00196996,2017-09-14T08:29:44.98,16896.15819352
0.00204,34.27068586,0.00203999,0.00220307,0.00203999,0.0019,BTC-PART,211.0,1158.0,0.00196996,2017-09-14T08:29:44.98,16896.15819352
0.0020399999999999997,34.27068586,0.00203999,0.00220307,0.00203999,0.0019,BTC-PART,211.0,1158.0,0.00196996,2017-09-14T08:29:44.98,16896.15819352
0.00204,34.27068586,0.00203999,0.00220307,0.00203999,0.0019,BTC-PART,211.0,1158.0,0.00196996,2017-09-14T08:29:44.98,16896.15819352
0.0020399999999999997,34.27068586,0.00203999,0.00220307,0.00203999,0.0019,BTC-PART,211.0,1158.0,0.00196996,2017-09-14T08:29:44.98,16896.15819352
0.00204,34.27068586,0.00203999,0.00220307,0.00203999,0.0019,BTC-PART,211.0,1158.0,0.00196996,2017-09-14T08:29:44.98,16896.15819352
0.0020399999999999997,34.07713316,0.00203999,0.00220307,0.0020399999999999997,0.0019,BTC-PART,185.0,1157.0,0.002,2017-09-14T08:33:51.79,16799.16113213
0.00204,34.07713316,0.00203999,0.00220307,0.00204,0.0019,BTC-PART,185.0,1157.0,0.002,2017-09-14T08:33:51.79,16799.16113213
0.0020399999999999997,34.07713316,0.00203999,0.00220307,0.0020399999999999997,0.0019,BTC-PART,185.0,1157.0,0.002,2017-09-14T08:33:51.79,16799.16113213
0.00204,34.07713316,0.00203999,0.00220307,0.00204,0.0019,BTC-PART,185.0,1157.0,0.002,2017-09-14T08:33:51.79,16799.16113213
0.0020399999999999997,34.07713316,0.00203999,0.00220307,0.0020399999999999997,0.0019,BTC-PART,185.0,1157.0,0.002,2017-09-14T08:33:51.79,16799.16113213
0.00204,34.07713316,0.00203999,0.00220307,0.00204,0.0019,BTC-PART,185.0,1157.0,0.002,2017-09-14T08:33:51.79,16799.16113213
0.0020399999999999997,33.99158516,0.00203999,0.00220307,0.0020399999999999997,0.0019,BTC-PART,185.0,1158.0,0.0019908,2017-09-14T08:36:33.663,16756.17712648
0.00204,33.99158516,0.00203999,0.00220307,0.00204,0.0019,BTC-PART,185.0,1158.0,0.0019908,2017-09-14T08:36:33.663,16756.17712648
0.0020399999999999997,33.99158516,0.00203999,0.00220307,0.0020399999999999997,0.0019,BTC-PART,185.0,1158.0,0.0019908,2017-09-14T08:36:33.663,16756.17712648
0.00204,33.99158516,0.00203999,0.00220307,0.00204,0.0019,BTC-PART,185.0,1158.0,0.0019908,2017-09-14T08:36:33.663,16756.17712648
0.0020399999999999997,33.99158516,0.00203999,0.00220307,0.0020399999999999997,0.0019,BTC-PART,185.0,1158.0,0.0019908,2017-09-14T08:36:33.663,16756.17712648
0.00204,33.99158516,0.00203999,0.00220307,0.00204,0.0019,BTC-PART,185.0,1158.0,0.0019908,2017-09-14T08:36:33.663,16756.17712648
0.0020399999999999997,33.99158516,0.00203999,0.00220307,0.0020399999999999997,0.0019,BTC-PART,185.0,1158.0,0.0019908,2017-09-14T08:36:33.663,16756.17712648
0.00204,33.99158516,0.00203999,0.00220307,0.00204,0.0019,BTC-PART,185.0,1158.0,0.0019908,2017-09-14T08:36:33.663,16756.17712648
0.0020399999999999997,33.99158516,0.00203999,0.00220307,0.0020399999999999997,0.0019,BTC-PART,185.0,1158.0,0.0019908,2017-09-14T08:36:33.663,16756.17712648
0.00204,33.7777669,0.00203999,0.00220307,0.00204,0.0019,BTC-PART,187.0,1159.0,0.00193535,2017-09-14T08:40:58.94,16645.66854805
0.0020399999999999997,33.777766899999996,0.00203999,0.00220307,0.0020399999999999997,0.0019,BTC-PART,187.0,1159.0,0.00193535,2017-09-14T08:40:58.94,16645.66854805
0.00204495,33.79618041,0.00204,0.00220307,0.00204,0.0019,BTC-PART,188.0,1157.0,0.00193535,2017-09-14T08:41:56.967,16654.69478334
0.00204495,33.79618041,0.0020399999999999997,0.00220307,0.0020399999999999997,0.0019,BTC-PART,188.0,1157.0,0.00193535,2017-09-14T08:41:56.967,16654.69478334
0.00204495,33.79618041,0.00204,0.00220307,0.00204,0.0019,BTC-PART,188.0,1157.0,0.00193535,2017-09-14T08:41:56.967,16654.69478334
0.00204495,33.79618041,0.0020399999999999997,0.00220307,0.0020399999999999997,0.0019,BTC-PART,188.0,1157.0,0.00193535,2017-09-14T08:41:56.967,16654.69478334
0.00204495,33.79618041,0.00204,0.00220307,0.00204,0.0019,BTC-PART,188.0,1157.0,0.00193535,2017-09-14T08:41:56.967,16654.69478334
0.00198869,36.10164139,0.00192694,0.00220307,0.0019,0.0019,BTC-PART,161.0,1156.0,0.00193535,2017-09-14T08:44:45.04,17843.49799639
0.00204467,36.10268164,0.0019887,0.00220307,0.00198869,0.0019,BTC-PART,212.0,1157.0,0.00193535,2017-09-14T08:45:11.61,17844.02108146
0.0020444000000000005,36.10268164,0.00198881,0.00220307,0.00198869,0.0019,BTC-PART,212.0,1157.0,0.00193535,2017-09-14T08:45:45.38,17844.02108146
0.0020399000000000003,36.10773449,0.00198895,0.00220307,0.00203998,0.0019,BTC-PART,304.0,1156.0,0.00193535,2017-09-14T08:46:20.43,17846.49799639
0.00203963,36.10773449,0.00198899,0.00220307,0.00203998,0.0019,BTC-PART,304.0,1156.0,0.00193535,2017-09-14T08:46:46.983,17846.49799639
0.00203943,36.10773449,0.0019891,0.00220307,0.00203998,0.0019,BTC-PART,304.0,1156.0,0.00193535,2017-09-14T08:47:13.143,17846.49799639
0.00203908,36.10773449,0.00198915,0.00220307,0.00203998,0.0019,BTC-PART,304.0,1156.0,0.00193535,2017-09-14T08:47:37.257,17846.49799639
0.00203879,36.10773449,0.00198922,0.00220307,0.00203998,0.0019,BTC-PART,304.0,1156.0,0.00193535,2017-09-14T08:48:07.7,17846.49799639
0.00203852,36.10773449,0.00198931,0.00220307,0.00203998,0.0019,BTC-PART,304.0,1156.0,0.00193535,2017-09-14T08:48:34.873,17846.49799639
0.00203841,36.10773449,0.00198938,0.00220307,0.00203998,0.0019,BTC-PART,304.0,1156.0,0.00193535,2017-09-14T08:48:57.783,17846.49799639
0.00203815,36.10773449,0.00199001,0.00220307,0.00203998,0.0019,BTC-PART,304.0,1156.0,0.00193535,2017-09-14T08:49:18.99,17846.49799639
0.00203795,36.10773449,0.00199001,0.00220307,0.00203998,0.0019,BTC-PART,304.0,1156.0,0.00193535,2017-09-14T08:49:51.213,17846.49799639
0.00203768,36.10773449,0.00199001,0.00220307,0.00203998,0.0019,BTC-PART,304.0,1156.0,0.00193535,2017-09-14T08:50:17.577,17846.49799639
0.00202978,36.10773449,0.00199001,0.00220307,0.00203998,0.0019,BTC-PART,304.0,1156.0,0.00193535,2017-09-14T08:50:38.783,17846.49799639
0.00202977,36.10773449,0.00199008,0.00220307,0.00203998,0.0019,BTC-PART,304.0,1156.0,0.00193535,2017-09-14T08:51:05.71,17846.49799639
0.00202977,36.10773449,0.0019901,0.00220307,0.00203998,0.0019,BTC-PART,304.0,1156.0,0.00193535,2017-09-14T08:51:37.887,17846.49799639
0.00202977,36.10773449,0.0019901,0.00220307,0.00203998,0.0019,BTC-PART,304.0,1156.0,0.00193535,2017-09-14T08:51:37.887,17846.49799639
0.00202977,36.10773449,0.00199014,0.00220307,0.00203998,0.0019,BTC-PART,304.0,1156.0,0.00193535,2017-09-14T08:52:39.583,17846.49799639
0.00202977,36.10773449,0.00199012,0.00220307,0.00203998,0.0019,BTC-PART,304.0,1156.0,0.00193535,2017-09-14T08:52:45.68,17846.49799639
0.00202977,36.10773449,0.00199014,0.00220307,0.00203998,0.0019,BTC-PART,304.0,1156.0,0.00193535,2017-09-14T08:53:11.963,17846.49799639
0.00202977,36.10773449,0.00199016,0.00220307,0.00203998,0.0019,BTC-PART,304.0,1156.0,0.00193535,2017-09-14T08:53:57.737,17846.49799639
0.00202977,36.10773449,0.00199016,0.00220307,0.00203998,0.0019,BTC-PART,304.0,1156.0,0.00193535,2017-09-14T08:53:57.737,17846.49799639
0.00202977,36.10773449,0.00199017,0.00220307,0.00203998,0.0019,BTC-PART,304.0,1156.0,0.00193535,2017-09-14T08:54:34.507,17846.49799639
0.00202977,36.10773449,0.00199017,0.00220307,0.00203998,0.0019,BTC-PART,304.0,1156.0,0.00193535,2017-09-14T08:54:34.507,17846.49799639
0.00202977,36.10773449,0.00199017,0.00220307,0.00203998,0.0019,BTC-PART,304.0,1156.0,0.00193535,2017-09-14T08:54:34.507,17846.49799639
0.00202968,37.91894938,0.0019,0.00220307,0.0019,0.0019,BTC-PART,163.0,1157.0,0.00193535,2017-09-14T08:56:22.977,18794.6429782
0.0020294,37.91894938,0.00192707,0.00220307,0.0019,0.0019,BTC-PART,163.0,1157.0,0.00193535,2017-09-14T08:56:50.62,18794.6429782
0.00202929,37.91894938,0.00192723,0.00220307,0.0019,0.0019,BTC-PART,163.0,1157.0,0.00193535,2017-09-14T08:57:15.733,18794.6429782
0.00202894,37.91894938,0.0019274000000000001,0.00220307,0.0019,0.0019,BTC-PART,163.0,1157.0,0.00193535,2017-09-14T08:57:41.847,18794.6429782
0.00202866,38.01575627,0.0019276,0.00220307,0.00192759,0.0019,BTC-PART,226.0,1182.0,0.00193535,2017-09-14T08:58:12.553,18844.86575561
0.00202832,38.01575627,0.00192774,0.00220307,0.00192759,0.0019,BTC-PART,226.0,1182.0,0.00193535,2017-09-14T08:58:42.09,18844.86575561
0.00202786,38.01575627,0.00192791,0.00220307,0.00192759,0.0019,BTC-PART,226.0,1182.0,0.00193535,2017-09-14T08:59:13.013,18844.86575561
0.00192849,38.05945586,0.00192807,0.00220307,0.0019379999999999998,0.0019,BTC-PART,294.0,1192.0,0.00193535,2017-09-14T08:59:47.393,18867.399977099998
0.00196605,38.07425113,0.00193808,0.00220307,0.00192849,0.0019,BTC-PART,292.0,1192.0,0.00193535,2017-09-14T09:00:15.447,18875.07192803
0.00196598,38.07425113,0.00193808,0.00220307,0.00192849,0.0019,BTC-PART,292.0,1192.0,0.00193535,2017-09-14T09:00:43.62,18875.07192803
0.0019659000000000005,38.07476133,0.00194002,0.00220307,0.00196595,0.0019,BTC-PART,296.0,1194.0,0.00193535,2017-09-14T09:01:13.313,18875.331448400004
0.00196581,38.0797005,0.00194002,0.00220307,0.00196587,0.0019,BTC-PART,295.0,1196.0,0.00193535,2017-09-14T09:01:39.91,18877.84391021
0.00196582,38.28609751,0.00194196,0.00220307,0.00196569,0.0019,BTC-PART,294.0,1194.0,0.00193535,2017-09-14T09:01:58.787,18982.84391021
0.00196594,38.28609751,0.00194197,0.00220307,0.00196569,0.0019,BTC-PART,294.0,1194.0,0.00193535,2017-09-14T09:02:22.353,18982.84391021
0.00196594,38.28609751,0.0019509,0.00220307,0.00196569,0.0019,BTC-PART,294.0,1194.0,0.00193535,2017-09-14T09:03:27.08,18982.84391021
0.00196594,38.28609751,0.00193808,0.00220307,0.00196569,0.0019,BTC-PART,294.0,1194.0,0.00193535,2017-09-14T09:03:33.33,18982.84391021
0.00196593,40.78459299,0.00190597,0.00220307,0.0019,0.0019,BTC-PART,244.0,1195.0,0.00193535,2017-09-14T09:04:30.59,20280.87992388
0.00196567,40.78459299,0.00190601,0.00220307,0.0019,0.0019,BTC-PART,244.0,1195.0,0.00193535,2017-09-14T09:04:57.263,20280.87992388
0.00196538,40.78459299,0.00190602,0.00220307,0.0019,0.0019,BTC-PART,244.0,1195.0,0.00193535,2017-09-14T09:05:32.58,20280.87992388
0.00196519,40.78459299,0.00190795,0.00220307,0.0019,0.0019,BTC-PART,244.0,1195.0,0.00193535,2017-09-14T09:06:02.883,20280.87992388
0.001965,40.78459299,0.00193209,0.00220307,0.0019,0.0019,BTC-PART,244.0,1195.0,0.00193535,2017-09-14T09:06:33.887,20280.87992388
0.0019379999999999998,41.13192077,0.00193208,0.00220307,0.00193208,0.0019,BTC-PART,291.0,1218.0,0.00198742,2017-09-14T09:07:02.767,20458.28756496
0.0019245,41.19380644,0.00191785,0.00220307,0.00192451,0.0019,BTC-PART,292.0,1219.0,0.00198742,2017-09-14T09:07:28.737,20490.32474883
0.0019245,41.19380644,0.00191785,0.00220307,0.00192451,0.0019,BTC-PART,292.0,1219.0,0.00198742,2017-09-14T09:07:28.737,20490.32474883
0.00192451,41.21210767,0.00191785,0.00220307,0.00192451,0.0019,BTC-PART,291.0,1222.0,0.00196501,2017-09-14T09:08:39.717,20499.90606844
0.0019379999999999998,41.228192299999996,0.00192452,0.00220307,0.00192451,0.0019,BTC-PART,293.0,1221.0,0.00196501,2017-09-14T09:08:54.53,20508.26385214
0.001938,41.2281923,0.00192452,0.00220307,0.00192451,0.0019,BTC-PART,293.0,1221.0,0.00196501,2017-09-14T09:08:54.53,20508.26385214
0.0019379999999999998,41.228192299999996,0.00192452,0.00220307,0.00192451,0.0019,BTC-PART,293.0,1221.0,0.00196501,2017-09-14T09:08:54.53,20508.26385214
0.001938,41.2281923,0.00192452,0.00220307,0.00192451,0.0019,BTC-PART,293.0,1221.0,0.00196501,2017-09-14T09:08:54.53,20508.26385214
0.0019379999999999998,41.228192299999996,0.00192452,0.00220307,0.00192451,0.0019,BTC-PART,293.0,1221.0,0.00196501,2017-09-14T09:08:54.53,20508.26385214
0.001938,41.2281923,0.00192452,0.00220307,0.00192451,0.0019,BTC-PART,293.0,1221.0,0.00196501,2017-09-14T09:08:54.53,20508.26385214
0.00193799,41.97093138,0.0019,0.00220307,0.00189921,0.00189921,BTC-PART,253.0,1224.0,0.00196501,2017-09-14T09:12:12.053,20898.42219207
0.00193798,41.97093138,0.00190571,0.00220307,0.00189921,0.00189921,BTC-PART,253.0,1224.0,0.00196501,2017-09-14T09:12:47.37,20898.42219207
0.00193797,41.97093138,0.00190571,0.00220307,0.00189921,0.00189921,BTC-PART,253.0,1224.0,0.00196501,2017-09-14T09:12:56.263,20898.42219207
0.00193795,41.97093138,0.00190573,0.00220307,0.00189921,0.00189921,BTC-PART,253.0,1224.0,0.00196501,2017-09-14T09:13:47.393,20898.42219207
0.00193795,41.97093138,0.00190573,0.00220307,0.00189921,0.00189921,BTC-PART,253.0,1224.0,0.00196501,2017-09-14T09:13:47.393,20898.42219207
0.00193795,41.97093138,0.00190574,0.00220307,0.00189921,0.00189921,BTC-PART,253.0,1224.0,0.00196501,2017-09-14T09:14:30.46,20898.42219207
0.00193793,41.97093138,0.0019087,0.00220307,0.00189921,0.00189921,BTC-PART,253.0,1224.0,0.00196501,2017-09-14T09:15:13.187,20898.42219207
0.00193791,41.97093138,0.00190871,0.00220307,0.00189921,0.00189921,BTC-PART,253.0,1224.0,0.00196501,2017-09-14T09:16:00.3,20898.42219207
0.00193791,41.97093138,0.00190871,0.00220307,0.00189921,0.00189921,BTC-PART,253.0,1224.0,0.00196501,2017-09-14T09:16:00.3,20898.42219207
0.001919,41.97148137,0.00190872,0.00220307,0.00193799,0.00189921,BTC-PART,293.0,1253.0,0.00196501,2017-09-14T09:17:01.683,20898.70599107
0.0019190000000000001,41.98107635,0.00190872,0.00220307,0.0019190000000000001,0.00189921,BTC-PART,294.0,1256.0,0.00196501,2017-09-14T09:17:14.42,20903.70599107
0.001919,41.98107635,0.00190872,0.00220307,0.001919,0.00189921,BTC-PART,294.0,1256.0,0.00196501,2017-09-14T09:17:14.42,20903.70599107
0.00192451,41.98107635,0.00190872,0.00220307,0.0019190000000000001,0.00189921,BTC-PART,294.0,1256.0,0.00196501,2017-09-14T09:18:10.673,20903.70599107
0.00192451,41.98107635,0.00190574,0.00220307,0.001919,0.00189921,BTC-PART,294.0,1256.0,0.00196501,2017-09-14T09:19:04.023,20903.70599107
0.00192451,41.98107635,0.00190574,0.00220307,0.0019190000000000001,0.00189921,BTC-PART,294.0,1256.0,0.00196501,2017-09-14T09:19:04.023,20903.70599107
0.00192451,41.98107635,0.00190574,0.00220307,0.001919,0.00189921,BTC-PART,294.0,1256.0,0.00196501,2017-09-14T09:19:04.023,20903.70599107
0.00192451,41.98107635,0.00190574,0.00220307,0.0019190000000000001,0.00189921,BTC-PART,294.0,1256.0,0.00196501,2017-09-14T09:19:04.023,20903.70599107
0.00192451,41.98107635,0.00190574,0.00220307,0.001919,0.00189921,BTC-PART,294.0,1256.0,0.00196501,2017-09-14T09:19:04.023,20903.70599107
0.00192451,41.98107635,0.00190574,0.00220307,0.0019190000000000001,0.00189921,BTC-PART,294.0,1256.0,0.00196501,2017-09-14T09:19:04.023,20903.70599107
0.00192451,41.98107635,0.001919,0.00220307,0.001919,0.00189921,BTC-PART,294.0,1256.0,0.00196501,2017-09-14T09:21:59.217,20903.70599107
0.0019190000000000001,42.00290769,0.00191556,0.00220307,0.0019190000000000001,0.00189921,BTC-PART,287.0,1256.0,0.00196501,2017-09-14T09:22:31.877,20915.21929232
0.001919,42.00290769,0.0019159000000000003,0.00220307,0.001919,0.00189921,BTC-PART,287.0,1256.0,0.00196501,2017-09-14T09:22:48.173,20915.21929232
0.0019190000000000001,42.00290769,0.0019159000000000003,0.00220307,0.0019190000000000001,0.00189921,BTC-PART,287.0,1256.0,0.00196501,2017-09-14T09:22:48.173,20915.21929232
0.001919,42.00290769,0.0019159000000000003,0.00220307,0.001919,0.00189921,BTC-PART,287.0,1256.0,0.00196501,2017-09-14T09:22:48.173,20915.21929232
0.0019190000000000001,42.00290769,0.0019182000000000001,0.00220307,0.0019190000000000001,0.00189921,BTC-PART,287.0,1256.0,0.00196501,2017-09-14T09:24:10.823,20915.21929232
0.001919,42.00290769,0.0019182,0.00220307,0.001919,0.00189921,BTC-PART,287.0,1256.0,0.00196501,2017-09-14T09:24:10.823,20915.21929232
0.0019190000000000001,42.00290769,0.0019182000000000001,0.00220307,0.0019190000000000001,0.00189921,BTC-PART,287.0,1256.0,0.00196501,2017-09-14T09:24:10.823,20915.21929232
0.001919,42.00290769,0.0019182,0.00220307,0.001919,0.00189921,BTC-PART,287.0,1256.0,0.00196501,2017-09-14T09:24:10.823,20915.21929232
0.0019190000000000001,42.00560868,0.0019182000000000001,0.00220307,0.0019190000000000001,0.00189921,BTC-PART,284.0,1255.0,0.00196501,2017-09-14T09:26:07.977,20916.62679622
0.001919,42.00560868,0.0019182,0.00220307,0.001919,0.00189921,BTC-PART,284.0,1255.0,0.00196501,2017-09-14T09:26:07.977,20916.62679622
0.0019190000000000001,42.00560868,0.0019182000000000001,0.00220307,0.0019190000000000001,0.00189921,BTC-PART,284.0,1255.0,0.00196501,2017-09-14T09:26:07.977,20916.62679622
0.00192451,42.00281099,0.001919,0.00220307,0.001919,0.00189921,BTC-PART,286.0,1253.0,0.00196501,2017-09-14T09:28:07.85,20915.27782476
0.00192451,42.00281099,0.0019190000000000001,0.00220307,0.0019190000000000001,0.00189921,BTC-PART,286.0,1253.0,0.00196501,2017-09-14T09:28:07.85,20915.27782476
0.00192451,42.00281099,0.001919,0.00220307,0.001919,0.00189921,BTC-PART,286.0,1253.0,0.00196501,2017-09-14T09:28:07.85,20915.27782476
0.0019228,42.00538482,0.0019190000000000001,0.00220307,0.00192451,0.00189921,BTC-PART,288.0,1254.0,0.00196501,2017-09-14T09:29:48.547,20916.61522079
0.0019228,42.00538482,0.001919,0.00220307,0.00192451,0.00189921,BTC-PART,288.0,1254.0,0.00196501,2017-09-14T09:29:48.547,20916.61522079
0.0019228,42.00538482,0.0019190000000000001,0.00220307,0.00192451,0.00189921,BTC-PART,288.0,1254.0,0.00196501,2017-09-14T09:29:48.547,20916.61522079
0.0019228,42.00538482,0.001919,0.00220307,0.00192451,0.00189921,BTC-PART,288.0,1254.0,0.00196501,2017-09-14T09:29:48.547,20916.61522079
0.0019228,42.00538482,0.0019190000000000001,0.00220307,0.00192451,0.00189921,BTC-PART,288.0,1254.0,0.00196501,2017-09-14T09:29:48.547,20916.61522079
0.0019228,42.00538482,0.001919,0.00220307,0.00192451,0.00189921,BTC-PART,288.0,1254.0,0.00196501,2017-09-14T09:29:48.547,20916.61522079
0.0019228,42.00538482,0.0019190000000000001,0.00220307,0.00192451,0.00189921,BTC-PART,288.0,1254.0,0.00196501,2017-09-14T09:29:48.547,20916.61522079
0.0019228,42.00538482,0.001919,0.00220307,0.00192451,0.00189921,BTC-PART,288.0,1254.0,0.00196501,2017-09-14T09:29:48.547,20916.61522079
0.0019228,42.00538482,0.0019190000000000001,0.00220307,0.00192451,0.00189921,BTC-PART,288.0,1254.0,0.00196501,2017-09-14T09:29:48.547,20916.61522079
0.0019228,42.00538482,0.001919,0.00220307,0.00192451,0.00189921,BTC-PART,288.0,1254.0,0.00196501,2017-09-14T09:29:48.547,20916.61522079
0.0019228,42.00538482,0.0019190000000000001,0.00220307,0.00192451,0.00189921,BTC-PART,288.0,1254.0,0.00196501,2017-09-14T09:29:48.547,20916.61522079
0.0019228,41.96432004,0.001919,0.00220307,0.0019228,0.00189921,BTC-PART,285.0,1253.0,0.00199968,2017-09-14T09:35:11.3,20896.10696826
0.0019379999999999998,41.98370166,0.0019190000000000001,0.00220307,0.0019379999999999998,0.00189921,BTC-PART,284.0,1248.0,0.00199968,2017-09-14T09:35:51.96,20906.10801752
0.001938,41.98370166,0.00191901,0.00220307,0.001938,0.00189921,BTC-PART,284.0,1248.0,0.00199968,2017-09-14T09:36:35.57,20906.10801752
0.00194254,42.00799608,0.00191901,0.00220307,0.00194254,0.00189921,BTC-PART,284.0,1248.0,0.00199968,2017-09-14T09:37:07.763,20918.61460242
0.00194254,42.00799608,0.00191901,0.00220307,0.00194254,0.00189921,BTC-PART,284.0,1248.0,0.00199968,2017-09-14T09:37:07.763,20918.61460242
0.00194254,42.00799608,0.00191901,0.00220307,0.00194254,0.00189921,BTC-PART,284.0,1248.0,0.00199968,2017-09-14T09:37:07.763,20918.61460242
0.00194254,42.00799608,0.00191901,0.00220307,0.00194254,0.00189921,BTC-PART,284.0,1248.0,0.00199968,2017-09-14T09:37:07.763,20918.61460242
0.00194254,42.00799608,0.00191901,0.00220307,0.00194254,0.00189921,BTC-PART,284.0,1248.0,0.00199968,2017-09-14T09:37:07.763,20918.61460242
0.00194254,42.00799608,0.00191901,0.00220307,0.00194254,0.00189921,BTC-PART,284.0,1248.0,0.00199968,2017-09-14T09:37:07.763,20918.61460242
0.00194253,43.33547132,0.0018739999999999998,0.00220307,0.001875,0.001875,BTC-PART,245.0,1251.0,0.00199968,2017-09-14T09:40:30.157,21624.73435875
0.00190822,45.94675654,0.00188003,0.00220307,0.00188003,0.0018,BTC-PART,209.0,1251.0,0.00199968,2017-09-14T09:41:04.143,23049.97606677
0.0019082,45.94675654,0.00188004,0.00220307,0.00188003,0.0018,BTC-PART,209.0,1251.0,0.00199968,2017-09-14T09:41:25.38,23049.97606677
0.0019082,45.94675654,0.00188005,0.00220307,0.00188003,0.0018,BTC-PART,209.0,1251.0,0.00199968,2017-09-14T09:41:53.65,23049.97606677
0.00190818,45.94675654,0.00188005,0.00220307,0.00188003,0.0018,BTC-PART,209.0,1251.0,0.00199968,2017-09-14T09:42:28.073,23049.97606677
0.0019082,45.94675654,0.00188005,0.00220307,0.00188003,0.0018,BTC-PART,209.0,1251.0,0.00199968,2017-09-14T09:43:12.593,23049.97606677
0.0019082,45.94675654,0.00188007,0.00220307,0.00188003,0.0018,BTC-PART,209.0,1251.0,0.00199968,2017-09-14T09:43:39.033,23049.97606677
0.0019082,45.94675654,0.00188008,0.00220307,0.00188003,0.0018,BTC-PART,209.0,1251.0,0.00199968,2017-09-14T09:44:21.723,23049.97606677
0.00190818,45.94675654,0.00188009,0.00220307,0.00188003,0.0018,BTC-PART,209.0,1251.0,0.00199968,2017-09-14T09:44:52.21,23049.97606677
0.00190818,45.94675654,0.00188009,0.00220307,0.00188003,0.0018,BTC-PART,209.0,1251.0,0.00199968,2017-09-14T09:44:52.21,23049.97606677
0.00190818,45.94675654,0.0018800999999999998,0.00220307,0.00188003,0.0018,BTC-PART,209.0,1251.0,0.00199968,2017-09-14T09:45:29.137,23049.97606677
0.00190817,45.94675654,0.00188011,0.00220307,0.00188003,0.0018,BTC-PART,209.0,1251.0,0.00199968,2017-09-14T09:46:21.923,23049.97606677
0.00190816,45.94675654,0.00188012,0.00220307,0.00188003,0.0018,BTC-PART,209.0,1251.0,0.00199968,2017-09-14T09:46:41.533,23049.97606677
0.00190816,45.94675654,0.00188051,0.00220307,0.00188003,0.0018,BTC-PART,209.0,1251.0,0.00199968,2017-09-14T09:47:30.74,23049.97606677
0.00190816,45.94675654,0.00188052,0.00220307,0.00188003,0.0018,BTC-PART,209.0,1251.0,0.00199968,2017-09-14T09:47:51.133,23049.97606677
0.00190816,45.94675654,0.00188052,0.00220307,0.00188003,0.0018,BTC-PART,209.0,1251.0,0.00199968,2017-09-14T09:47:51.133,23049.97606677
0.00190816,45.94675654,0.00188291,0.00220307,0.00188003,0.0018,BTC-PART,209.0,1251.0,0.00199968,2017-09-14T09:48:36.95,23049.97606677
0.00190816,45.94675654,0.00188291,0.00220307,0.00188003,0.0018,BTC-PART,209.0,1251.0,0.00199968,2017-09-14T09:48:36.95,23049.97606677
0.00190816,45.94675654,0.00188292,0.00220307,0.00188003,0.0018,BTC-PART,209.0,1251.0,0.00199968,2017-09-14T09:49:40.237,23049.97606677
0.00190815,45.94675654,0.00188293,0.00220307,0.00188003,0.0018,BTC-PART,209.0,1251.0,0.00199968,2017-09-14T09:50:16.27,23049.97606677
0.00190814,45.94675654,0.00188293,0.00220307,0.00188003,0.0018,BTC-PART,209.0,1251.0,0.00199968,2017-09-14T09:50:35.507,23049.97606677
0.00190812,45.94675654,0.00188293,0.00220307,0.00188003,0.0018,BTC-PART,209.0,1251.0,0.00199968,2017-09-14T09:50:59.203,23049.97606677
0.00190811,45.94675654,0.00188501,0.00220307,0.00188003,0.0018,BTC-PART,209.0,1251.0,0.00199968,2017-09-14T09:51:41.393,23049.97606677
0.0019081,45.94675654,0.00188503,0.00220307,0.00188003,0.0018,BTC-PART,209.0,1251.0,0.00199968,2017-09-14T09:52:06.483,23049.97606677
0.00190808,45.94675654,0.00188505,0.00220307,0.00188003,0.0018,BTC-PART,209.0,1251.0,0.00199968,2017-09-14T09:52:39.763,23049.97606677
0.00190807,45.94675654,0.00188506,0.00220307,0.00188003,0.0018,BTC-PART,209.0,1251.0,0.00199968,2017-09-14T09:53:17.653,23049.97606677
0.00190806,45.94675654,0.00188507,0.00220307,0.00188003,0.0018,BTC-PART,209.0,1251.0,0.00199968,2017-09-14T09:53:55.97,23049.97606677
0.00190803,45.94675654,0.00188508,0.00220307,0.00188003,0.0018,BTC-PART,209.0,1251.0,0.00199968,2017-09-14T09:54:20.4,23049.97606677
0.00190801,45.94675654,0.0019,0.00220307,0.00188003,0.0018,BTC-PART,209.0,1251.0,0.00199968,2017-09-14T09:55:09.25,23049.97606677
0.00190803,45.94675654,0.00190001,0.00220307,0.00188003,0.0018,BTC-PART,209.0,1251.0,0.00199968,2017-09-14T09:55:42.043,23049.97606677
0.00190001,45.89828484,0.0019,0.00220307,0.0019,0.0018,BTC-PART,257.0,1285.0,0.00195698,2017-09-14T09:56:00.787,23025.55677478
0.00190001,45.89828484,0.0019,0.00220307,0.0019,0.0018,BTC-PART,257.0,1285.0,0.00195698,2017-09-14T09:56:00.787,23025.55677478
0.00190001,45.90842007,0.0019,0.00220307,0.0019,0.0018,BTC-PART,241.0,1285.0,0.00195698,2017-09-14T09:56:55.573,23030.89110811
0.00190001,45.90842007,0.0019,0.00220307,0.0019,0.0018,BTC-PART,241.0,1285.0,0.00195698,2017-09-14T09:56:55.573,23030.89110811
0.00190001,45.90842007,0.0019,0.00220307,0.0019,0.0018,BTC-PART,241.0,1285.0,0.00195698,2017-09-14T09:56:55.573,23030.89110811
0.00190001,45.90842007,0.0019,0.00220307,0.0019,0.0018,BTC-PART,241.0,1285.0,0.00195698,2017-09-14T09:56:55.573,23030.89110811
0.00190001,45.90842007,0.0019,0.00220307,0.0019,0.0018,BTC-PART,241.0,1285.0,0.00195698,2017-09-14T09:56:55.573,23030.89110811
0.00190001,45.90842007,0.0019,0.00220307,0.0019,0.0018,BTC-PART,241.0,1285.0,0.00195698,2017-09-14T09:56:55.573,23030.89110811
0.00190001,45.90685107,0.0019,0.00220307,0.00190001,0.0018,BTC-PART,239.0,1286.0,0.00197871,2017-09-14T10:00:03.243,23030.10875588
0.0019,45.94829042,0.00188509,0.00220307,0.0019,0.0018,BTC-PART,235.0,1286.0,0.00197871,2017-09-14T10:00:36.507,23051.91889176
0.0019,45.94916083,0.00188509,0.00220307,0.00188509,0.0018,BTC-PART,246.0,1285.0,0.00197871,2017-09-14T10:01:32.25,23052.38062732
0.0019,45.94916083,0.00188509,0.00220307,0.00188509,0.0018,BTC-PART,246.0,1285.0,0.00197871,2017-09-14T10:01:32.25,23052.38062732
0.0019,45.9584907,0.00188509,0.00220307,0.00188509,0.0018,BTC-PART,253.0,1286.0,0.00197871,2017-09-14T10:02:16.123,23057.32992801
0.0019,45.9584907,0.00188509,0.00220307,0.00188509,0.0018,BTC-PART,253.0,1286.0,0.00197871,2017-09-14T10:02:16.123,23057.32992801
0.0019,45.9584907,0.00188509,0.00220307,0.00188509,0.0018,BTC-PART,253.0,1286.0,0.00197871,2017-09-14T10:02:16.123,23057.32992801
0.0019,45.9584907,0.00188512,0.00220307,0.00188509,0.0018,BTC-PART,253.0,1286.0,0.00197871,2017-09-14T10:03:52.663,23057.32992801
0.00189999,45.9584907,0.00188512,0.00220307,0.00188509,0.0018,BTC-PART,253.0,1286.0,0.00197871,2017-09-14T10:04:23.58,23057.32992801
0.00189999,45.9584907,0.00188512,0.00220307,0.00188509,0.0018,BTC-PART,253.0,1286.0,0.00197871,2017-09-14T10:04:23.58,23057.32992801
0.00189999,45.9584907,0.00188512,0.00220307,0.00188509,0.0018,BTC-PART,253.0,1286.0,0.00197871,2017-09-14T10:04:23.893,23057.32992801
0.00189999,45.95944069,0.00188512,0.00220307,0.00189999,0.0018,BTC-PART,251.0,1286.0,0.00197871,2017-09-14T10:06:04.447,23057.82992801
0.00189999,45.95944069,0.00188512,0.00220307,0.00189999,0.0018,BTC-PART,251.0,1286.0,0.00197871,2017-09-14T10:06:04.447,23057.82992801
0.00189999,45.95944069,0.00188512,0.00220307,0.00189999,0.0018,BTC-PART,251.0,1286.0,0.00197871,2017-09-14T10:06:04.447,23057.82992801
0.00189999,45.95944069,0.00188512,0.00220307,0.00189999,0.0018,BTC-PART,251.0,1286.0,0.00197871,2017-09-14T10:06:04.447,23057.82992801
0.00189999,46.00223001,0.00188512,0.00220307,0.00189999,0.0018,BTC-PART,254.0,1287.0,0.00197871,2017-09-14T10:07:57.537,23080.35074579
0.00189999,46.00223001,0.00188512,0.00220307,0.00189999,0.0018,BTC-PART,254.0,1287.0,0.00197871,2017-09-14T10:07:57.537,23080.35074579
0.00189999,46.00223001,0.00188512,0.00220307,0.00189999,0.0018,BTC-PART,254.0,1287.0,0.00197871,2017-09-14T10:07:57.537,23080.35074579
0.00189999,46.00223001,0.00188512,0.00220307,0.00189999,0.0018,BTC-PART,254.0,1287.0,0.00197871,2017-09-14T10:07:57.537,23080.35074579
0.00189999,46.00223001,0.00188512,0.00220307,0.00189999,0.0018,BTC-PART,254.0,1287.0,0.00197871,2017-09-14T10:07:57.537,23080.35074579
0.0019,46.03709143,0.00189999,0.00220307,0.0019,0.0018,BTC-PART,253.0,1287.0,0.00197871,2017-09-14T10:11:09.23,23098.69894728
0.0019,46.03709143,0.00189999,0.00220307,0.0019,0.0018,BTC-PART,253.0,1287.0,0.00197871,2017-09-14T10:11:09.23,23098.69894728
0.00190804,46.04798345,0.0019,0.00220307,0.0019,0.0018,BTC-PART,253.0,1286.0,0.00197871,2017-09-14T10:12:06.703,23104.43159042
0.00190804,46.04798345,0.0019,0.00220307,0.0019,0.0018,BTC-PART,253.0,1286.0,0.00197871,2017-09-14T10:12:06.703,23104.43159042
0.00190823,46.05127449,0.00190804,0.00220307,0.00190804,0.0018,BTC-PART,253.0,1284.0,0.00199752,2017-09-14T10:13:07.223,23106.53159042
0.00190823,46.05127449,0.00190804,0.00220307,0.00190804,0.0018,BTC-PART,253.0,1284.0,0.00199752,2017-09-14T10:13:07.223,23106.53159042
0.00191734,46.08172443,0.00190823,0.00220307,0.00190823,0.0018,BTC-PART,244.0,1279.0,0.00199752,2017-09-14T10:14:07.963,23122.48875559
0.00191732,46.08172443,0.00190823,0.00220307,0.00190823,0.0018,BTC-PART,244.0,1279.0,0.00199752,2017-09-14T10:14:13.56,23122.48875559
0.00191732,46.08172443,0.00190823,0.00220307,0.00190823,0.0018,BTC-PART,244.0,1279.0,0.00199752,2017-09-14T10:14:13.56,23122.48875559
0.00191732,46.08740510000001,0.0018852,0.00220307,0.00191732,0.0018,BTC-PART,235.0,1287.0,0.00199752,2017-09-14T10:15:37.213,23125.45157596
0.00191732,46.08740510000001,0.00188523,0.00220307,0.00191732,0.0018,BTC-PART,235.0,1287.0,0.00199752,2017-09-14T10:16:01.283,23125.45157596
0.00191732,46.08740510000001,0.00188527,0.00220307,0.00191732,0.0018,BTC-PART,235.0,1287.0,0.00199752,2017-09-14T10:16:36.297,23125.45157596
0.00193477,46.08825905,0.00191734,0.00220307,0.00191734,0.0018,BTC-PART,235.0,1286.0,0.00199752,2017-09-14T10:17:06.243,23125.89696976
0.00193476,46.08825905,0.00191734,0.00220307,0.00191734,0.0018,BTC-PART,235.0,1286.0,0.00199752,2017-09-14T10:17:37.27,23125.89696976
0.00193476,46.08825905,0.00191734,0.00220307,0.00191734,0.0018,BTC-PART,235.0,1286.0,0.00199752,2017-09-14T10:17:37.27,23125.89696976
0.00193476,46.08825905,0.00191734,0.00220307,0.00191734,0.0018,BTC-PART,235.0,1286.0,0.00199752,2017-09-14T10:17:37.55,23125.89696976
0.00192451,46.11113683,0.00191736,0.00220307,0.00193475,0.0018,BTC-PART,238.0,1284.0,0.00199677,2017-09-14T10:19:19.553,23138.04220574
0.00192451,46.11113683,0.00191736,0.00220307,0.00193475,0.0018,BTC-PART,238.0,1284.0,0.00199677,2017-09-14T10:19:19.553,23138.04220574
0.00192451,46.11113683,0.00191734,0.00220307,0.00193475,0.0018,BTC-PART,238.0,1284.0,0.00199677,2017-09-14T10:20:18.197,23138.04220574
0.00192451,46.11113683,0.00191734,0.00220307,0.00193475,0.0018,BTC-PART,238.0,1284.0,0.00199677,2017-09-14T10:20:45.36,23138.04220574
0.00192451,46.13038193,0.00191754,0.00220307,0.00192451,0.0018,BTC-PART,238.0,1285.0,0.00199677,2017-09-14T10:21:27,23148.04220574
0.00192451,46.13038193,0.00191736,0.00220307,0.00192451,0.0018,BTC-PART,238.0,1285.0,0.00199677,2017-09-14T10:21:51.163,23148.04220574
0.00192451,46.13038193,0.00191736,0.00220307,0.00192451,0.0018,BTC-PART,238.0,1285.0,0.00199677,2017-09-14T10:21:51.163,23148.04220574
0.00193489,46.21344355,0.00192451,0.00220307,0.00192451,0.0018,BTC-PART,236.0,1284.0,0.00199677,2017-09-14T10:23:47.513,23191.20209493
0.00193487,46.21344355,0.00192453,0.00220307,0.00192451,0.0018,BTC-PART,236.0,1284.0,0.00199677,2017-09-14T10:23:58.203,23191.20209493
0.00193487,46.21344355,0.00192453,0.00220307,0.00192451,0.0018,BTC-PART,236.0,1284.0,0.00199677,2017-09-14T10:23:58.203,23191.20209493
0.00193487,46.21344355,0.00192457,0.00220307,0.00192451,0.0018,BTC-PART,236.0,1284.0,0.00199677,2017-09-14T10:25:18.743,23191.20209493
0.00193487,46.21344355,0.00192458,0.00220307,0.00192451,0.0018,BTC-PART,236.0,1284.0,0.00199677,2017-09-14T10:25:47.13,23191.20209493
0.00193487,46.21344355,0.00192458,0.00220307,0.00192451,0.0018,BTC-PART,236.0,1284.0,0.00199677,2017-09-14T10:25:47.13,23191.20209493
0.0019246,46.2191815,0.00192458,0.00220307,0.0019246,0.0018,BTC-PART,234.0,1286.0,0.00199677,2017-09-14T10:27:05.34,23194.18347148
0.0019245999999999998,46.22315246,0.00192458,0.00220307,0.0019245999999999998,0.0018,BTC-PART,233.0,1285.0,0.00199677,2017-09-14T10:27:18.373,23196.24674057
0.00193487,46.25193553,0.0019246,0.00220307,0.0019246,0.0018,BTC-PART,233.0,1283.0,0.00199677,2017-09-14T10:27:52.683,23211.20209493
0.00193491,46.17389245,0.00193489,0.00220307,0.00193489,0.0018,BTC-PART,235.0,1282.0,0.00195727,2017-09-14T10:28:38.18,23171.37091908
0.00193491,46.17389245,0.00193489,0.00220307,0.00193489,0.0018,BTC-PART,235.0,1282.0,0.00195727,2017-09-14T10:28:38.18,23171.37091908
0.00193491,46.17389245,0.00193489,0.00220307,0.00193489,0.0018,BTC-PART,235.0,1282.0,0.00195727,2017-09-14T10:28:38.18,23171.37091908
0.00193491,46.17948986,0.00193489,0.00220307,0.00193491,0.0018,BTC-PART,234.0,1278.0,0.00195727,2017-09-14T10:29:47.793,23174.26377902
0.0019351,46.17953113,0.00193491,0.00220307,0.00193491,0.0018,BTC-PART,235.0,1277.0,0.00195727,2017-09-14T10:30:32.777,23174.28510904
0.0019351,46.17953113,0.00193489,0.00220307,0.00193491,0.0018,BTC-PART,235.0,1277.0,0.00195727,2017-09-14T10:31:06.427,23174.28510904
0.00193529,46.25040461,0.0019351,0.00220307,0.0019351,0.0018,BTC-PART,236.0,1275.0,0.00195727,2017-09-14T10:31:44.843,23210.9138503
0.00193529,46.25040461,0.00193489,0.00220307,0.0019351,0.0018,BTC-PART,236.0,1275.0,0.00195727,2017-09-14T10:32:05.49,23210.9138503
0.00193529,46.25040461,0.00193489,0.00220307,0.0019351,0.0018,BTC-PART,236.0,1275.0,0.00195727,2017-09-14T10:32:05.49,23210.9138503
0.00193529,46.25040461,0.00193489,0.00220307,0.0019351,0.0018,BTC-PART,236.0,1275.0,0.00195727,2017-09-14T10:32:05.49,23210.9138503
0.00193548,46.24984248,0.00193529,0.00220307,0.00193529,0.0018,BTC-PART,236.0,1273.0,0.00199583,2017-09-14T10:33:59.787,23210.71724542
0.00193548,46.24984248,0.00193529,0.00220307,0.00193529,0.0018,BTC-PART,236.0,1273.0,0.00199583,2017-09-14T10:33:59.787,23210.71724542
0.00194251,46.26974979,0.00193529,0.00220307,0.00194251,0.0018,BTC-PART,236.0,1261.0,0.00199583,2017-09-14T10:34:51.257,23220.98746282
0.00194251,46.26974979,0.00193529,0.00220307,0.00194251,0.0018,BTC-PART,236.0,1261.0,0.00199583,2017-09-14T10:34:51.257,23220.98746282
0.00194251,46.26974979,0.00193489,0.00220307,0.00194251,0.0018,BTC-PART,236.0,1261.0,0.00199583,2017-09-14T10:36:47.147,23220.98746282
0.00194252,46.25443062,0.00194251,0.00220307,0.00194251,0.0018,BTC-PART,235.0,1265.0,0.00196001,2017-09-14T10:37:28.22,23213.17676626
0.00194252,46.25443062,0.00194251,0.00220307,0.00194251,0.0018,BTC-PART,235.0,1265.0,0.00196001,2017-09-14T10:37:28.22,23213.17676626
0.00194252,46.25443062,0.00194251,0.00220307,0.00194251,0.0018,BTC-PART,235.0,1265.0,0.00196001,2017-09-14T10:37:28.22,23213.17676626
0.00194252,46.25443062,0.00194251,0.00220307,0.00194251,0.0018,BTC-PART,235.0,1265.0,0.00196001,2017-09-14T10:37:28.22,23213.17676626
0.00194252,46.25443062,0.00194251,0.00220307,0.00194251,0.0018,BTC-PART,235.0,1265.0,0.00196001,2017-09-14T10:37:28.22,23213.17676626
0.00194252,46.25443062,0.00194251,0.00220307,0.00194251,0.0018,BTC-PART,235.0,1265.0,0.00196001,2017-09-14T10:37:28.22,23213.17676626
0.00194252,46.25443062,0.00194251,0.00220307,0.00194251,0.0018,BTC-PART,235.0,1265.0,0.00196001,2017-09-14T10:37:28.22,23213.17676626
0.00194252,46.25443062,0.00194251,0.00220307,0.00194251,0.0018,BTC-PART,235.0,1265.0,0.00196001,2017-09-14T10:37:28.22,23213.17676626
0.00194252,46.25443062,0.00194251,0.00220307,0.00194251,0.0018,BTC-PART,235.0,1265.0,0.00196001,2017-09-14T10:37:28.22,23213.17676626
0.00194252,46.25443062,0.00194251,0.00220307,0.00194251,0.0018,BTC-PART,235.0,1265.0,0.00196001,2017-09-14T10:37:28.22,23213.17676626
0.00194252,46.25443062,0.00194251,0.00220307,0.00194251,0.0018,BTC-PART,235.0,1265.0,0.00196001,2017-09-14T10:37:28.22,23213.17676626
0.00194254,46.21232646,0.00194252,0.00220307,0.00194252,0.0018,BTC-PART,235.0,1262.0,0.00199497,2017-09-14T10:42:54.79,23192.17676626
0.00194729,46.22435851,0.00194254,0.00220307,0.00194254,0.0018,BTC-PART,235.0,1260.0,0.00199497,2017-09-14T10:43:35.927,23198.37074485
0.00194729,46.22435851,0.001943,0.00220307,0.00194254,0.0018,BTC-PART,235.0,1260.0,0.00199497,2017-09-14T10:43:58.103,23198.37074485
0.00195654,46.22435851,0.00195,0.00220307,0.00194254,0.0018,BTC-PART,235.0,1260.0,0.00199497,2017-09-14T10:44:32.927,23198.37074485
0.00195654,46.23050356,0.00195,0.00220307,0.00195,0.0018,BTC-PART,235.0,1261.0,0.00199497,2017-09-14T10:44:52.837,23201.52205513
0.00196512,46.25735829,0.00196002,0.00220307,0.00195738,0.0018,BTC-PART,236.0,1259.0,0.00199497,2017-09-14T10:45:35.19,23215.24539192
0.00196512,46.25735829,0.00196002,0.00220307,0.00195738,0.0018,BTC-PART,236.0,1259.0,0.00199497,2017-09-14T10:45:35.19,23215.24539192
0.00196512,46.46979072,0.001965,0.00220307,0.001965,0.0018,BTC-PART,237.0,1259.0,0.00199497,2017-09-14T10:46:56.96,23323.35350003
0.00196527,46.47099716,0.00196512,0.00220307,0.00196512,0.0018,BTC-PART,239.0,1258.0,0.00199497,2017-09-14T10:47:11.967,23323.9674277
0.00196531,46.45593013,0.00196527,0.00220307,0.00196527,0.0018,BTC-PART,238.0,1257.0,0.00199479,2017-09-14T10:47:59.947,23316.42554028
0.0019655000000000002,46.46039023,0.00196542,0.00220307,0.00196531,0.0018,BTC-PART,240.0,1253.0,0.00199479,2017-09-14T10:48:18.48,23318.69495966
0.00196569,46.46276626,0.00196561,0.00220307,0.0019655,0.0018,BTC-PART,247.0,1252.0,0.00199479,2017-09-14T10:49:05.76,23319.9038324
0.001966,46.91969508,0.0019656,0.00220307,0.0019656,0.0018,BTC-PART,253.0,1244.0,0.00199479,2017-09-14T10:49:29.86,23552.364766400002
0.001966,46.91969508,0.0019656,0.00220307,0.0019656,0.0018,BTC-PART,253.0,1244.0,0.00199479,2017-09-14T10:49:29.86,23552.3647664
0.001966,46.91969508,0.00194251,0.00220307,0.0019656,0.0018,BTC-PART,253.0,1244.0,0.00199479,2017-09-14T10:50:43.89,23552.364766400002
0.00196599,47.0932666,0.0019656,0.00220307,0.001966,0.0018,BTC-PART,255.0,1244.0,0.00199479,2017-09-14T10:51:11.46,23640.65140101
0.001966,47.0932666,0.0019656,0.00220307,0.001966,0.0018,BTC-PART,255.0,1244.0,0.00199479,2017-09-14T10:51:55.377,23640.65140101
0.001966,47.0932666,0.0019656,0.00220307,0.001966,0.0018,BTC-PART,255.0,1244.0,0.00199479,2017-09-14T10:51:55.063,23640.65140101
0.001966,47.0932666,0.0019656,0.00220307,0.001966,0.0018,BTC-PART,255.0,1244.0,0.00199479,2017-09-14T10:51:55.063,23640.65140101
0.001966,47.0932666,0.0019656,0.00220307,0.001966,0.0018,BTC-PART,255.0,1244.0,0.00199479,2017-09-14T10:51:55.377,23640.65140101
0.001966,47.0932666,0.0019656,0.00220307,0.001966,0.0018,BTC-PART,255.0,1244.0,0.00199479,2017-09-14T10:51:55.063,23640.65140101
0.001966,47.0932666,0.0019656,0.00220307,0.001966,0.0018,BTC-PART,255.0,1244.0,0.00199479,2017-09-14T10:51:55.377,23640.65140101
0.00196599,47.0932666,0.0019656,0.00220307,0.001966,0.0018,BTC-PART,255.0,1244.0,0.00199479,2017-09-14T10:54:40.79,23640.65140101
0.0019656,47.10786254,0.00194251,0.00220307,0.00194251,0.0018,BTC-PART,257.0,1244.0,0.00199551,2017-09-14T10:55:20.237,23648.51890491
0.00196328,47.10786254,0.00194251,0.00220307,0.00194251,0.0018,BTC-PART,257.0,1244.0,0.00199551,2017-09-14T10:55:48.65,23648.51890491
0.00196328,47.10786254,0.00194251,0.00220307,0.00194251,0.0018,BTC-PART,257.0,1244.0,0.00199551,2017-09-14T10:55:48.65,23648.51890491
0.00196328,47.10786254,0.00194251,0.00220307,0.00194251,0.0018,BTC-PART,257.0,1244.0,0.00199551,2017-09-14T10:55:48.65,23648.51890491
0.00196328,47.10786254,0.00194251,0.00220307,0.00194251,0.0018,BTC-PART,257.0,1244.0,0.00199551,2017-09-14T10:55:48.65,23648.51890491
0.00196328,47.10786254,0.00194251,0.00220307,0.00194251,0.0018,BTC-PART,257.0,1244.0,0.00199551,2017-09-14T10:55:48.65,23648.51890491
0.00196328,47.10786254,0.00194251,0.00220307,0.00194251,0.0018,BTC-PART,257.0,1244.0,0.00199551,2017-09-14T10:55:48.65,23648.51890491
0.00196328,47.10786254,0.00194251,0.00220307,0.00194251,0.0018,BTC-PART,257.0,1244.0,0.00199551,2017-09-14T10:55:48.65,23648.51890491
0.00196328,47.10786254,0.00194251,0.00220307,0.00194251,0.0018,BTC-PART,257.0,1244.0,0.00199551,2017-09-14T10:55:48.65,23648.51890491
0.00196328,47.10786254,0.00194251,0.00220307,0.00194251,0.0018,BTC-PART,257.0,1244.0,0.00199551,2017-09-14T10:55:48.65,23648.51890491
0.00196327,47.10786254,0.00194251,0.00220307,0.00194251,0.0018,BTC-PART,257.0,1244.0,0.00199551,2017-09-14T11:00:46.137,23648.51890491
0.00196327,47.10786254,0.00194251,0.00220307,0.00194251,0.0018,BTC-PART,257.0,1244.0,0.00199551,2017-09-14T11:00:46.137,23648.51890491
0.00196327,47.10786254,0.00194251,0.00220307,0.00194251,0.0018,BTC-PART,257.0,1244.0,0.00199551,2017-09-14T11:00:46.137,23648.51890491
0.00194251,47.11788966,0.00193489,0.00220307,0.00194251,0.0018,BTC-PART,256.0,1249.0,0.00199551,2017-09-14T11:02:37.02,23653.680845400002
0.00194251,47.11788966,0.00193489,0.00220307,0.00194251,0.0018,BTC-PART,256.0,1249.0,0.00199551,2017-09-14T11:02:37.02,23653.6808454
0.00194251,47.11788966,0.00193489,0.00220307,0.00194251,0.0018,BTC-PART,256.0,1249.0,0.00199551,2017-09-14T11:02:37.02,23653.680845400002
0.00193489,47.12475713,0.0019246,0.00220307,0.00193489,0.0018,BTC-PART,254.0,1248.0,0.00199776,2017-09-14T11:03:58.91,23657.32934752
0.00193489,47.12475713,0.0019245999999999998,0.00220307,0.00193489,0.0018,BTC-PART,254.0,1248.0,0.00199776,2017-09-14T11:03:58.91,23657.32934752
0.00193489,47.12475713,0.0019246,0.00220307,0.00193489,0.0018,BTC-PART,254.0,1248.0,0.00199776,2017-09-14T11:03:58.91,23657.32934752
0.00193489,47.12475713,0.0019245999999999998,0.00220307,0.00193489,0.0018,BTC-PART,254.0,1248.0,0.00199776,2017-09-14T11:03:58.91,23657.32934752
0.00193489,47.12475713,0.0019246,0.00220307,0.00193489,0.0018,BTC-PART,254.0,1248.0,0.00199776,2017-09-14T11:03:58.91,23657.32934752
0.00194251,47.15271986,0.0019349,0.00220307,0.00193489,0.0018,BTC-PART,255.0,1247.0,0.00199776,2017-09-14T11:07:12.903,23671.78119295
0.00194251,47.15271986,0.0019349,0.00220307,0.00193489,0.0018,BTC-PART,255.0,1247.0,0.00199776,2017-09-14T11:07:12.903,23671.78119295
0.00196328,47.15687296,0.00194251,0.00220307,0.00194251,0.0018,BTC-PART,255.0,1248.0,0.00199776,2017-09-14T11:08:13.197,23673.91920275
0.00194375,47.20538389,0.0019246,0.00220307,0.00196328,0.0018,BTC-PART,254.0,1249.0,0.00199776,2017-09-14T11:09:16.273,23698.71392284
0.00194371,47.24433818,0.00190002,0.00220307,0.00190002,0.0018,BTC-PART,255.0,1260.0,0.00199776,2017-09-14T11:09:47.34,23719.21596815
0.00194364,47.24433818,0.00190002,0.00220307,0.00190002,0.0018,BTC-PART,255.0,1260.0,0.00199776,2017-09-14T11:10:16.487,23719.21596815
0.00194359,47.24433818,0.001943,0.00220307,0.00190002,0.0018,BTC-PART,255.0,1260.0,0.00199776,2017-09-14T11:10:47.01,23719.21596815
0.00194375,47.24433818,0.001943,0.00220307,0.00190002,0.0018,BTC-PART,255.0,1260.0,0.00199776,2017-09-14T11:11:19.063,23719.21596815
0.00194375,47.24433818,0.001943,0.00220307,0.00190002,0.0018,BTC-PART,255.0,1260.0,0.00199776,2017-09-14T11:11:19.063,23719.21596815
0.00194375,47.24433818,0.001943,0.00220307,0.00190002,0.0018,BTC-PART,255.0,1260.0,0.00199776,2017-09-14T11:11:19.063,23719.21596815
0.00194375,47.25430415,0.001943,0.00220307,0.001943,0.0018,BTC-PART,256.0,1256.0,0.00199776,2017-09-14T11:12:43.97,23724.34513923
0.00194375,47.17373415,0.001943,0.00220307,0.001943,0.0018,BTC-PART,256.0,1254.0,0.002,2017-09-14T11:13:15.897,23684.34513923
0.00194368,47.17839621,0.001943,0.00220307,0.001943,0.0018,BTC-PART,256.0,1254.0,0.002,2017-09-14T11:14:16.83,23686.74455615
0.00194363,47.15706694,0.001943,0.00220307,0.00194368,0.0018,BTC-PART,257.0,1255.0,0.00199776,2017-09-14T11:14:46.9,23676.13350509
0.0019487999999999999,47.15706694,0.001943,0.00220307,0.00194368,0.0018,BTC-PART,257.0,1255.0,0.00199776,2017-09-14T11:15:03.87,23676.13350509
0.0019488,47.15706694,0.001943,0.00220307,0.00194368,0.0018,BTC-PART,257.0,1255.0,0.00199776,2017-09-14T11:15:03.87,23676.13350509
0.0019487999999999999,45.42273271,0.001943,0.00220307,0.0019487999999999999,0.0018,BTC-PART,256.0,1249.0,0.00209417,2017-09-14T11:17:06.127,22833.83945359
0.0019488,45.42273271,0.001943,0.00220307,0.0019488,0.0018,BTC-PART,256.0,1249.0,0.00209417,2017-09-14T11:17:06.127,22833.83945359
0.0019487999999999999,45.42273271,0.001943,0.00220307,0.0019487999999999999,0.0018,BTC-PART,256.0,1249.0,0.00209417,2017-09-14T11:17:06.127,22833.83945359
0.0019488,45.42273271,0.001943,0.00220307,0.0019488,0.0018,BTC-PART,256.0,1249.0,0.00209417,2017-09-14T11:17:06.127,22833.83945359
0.0019487999999999999,45.42273271,0.001943,0.00220307,0.0019487999999999999,0.0018,BTC-PART,256.0,1249.0,0.00209417,2017-09-14T11:17:06.127,22833.83945359
0.0019488,45.42273271,0.001943,0.00220307,0.0019488,0.0018,BTC-PART,256.0,1249.0,0.00209417,2017-09-14T11:17:06.127,22833.83945359
0.0019487999999999999,45.42273271,0.001943,0.00220307,0.0019487999999999999,0.0018,BTC-PART,256.0,1249.0,0.00209417,2017-09-14T11:17:06.127,22833.83945359
0.0019488,45.42273271,0.001943,0.00220307,0.0019488,0.0018,BTC-PART,256.0,1249.0,0.00209417,2017-09-14T11:17:06.127,22833.83945359
0.0019487999999999999,45.26250208,0.001943,0.00220307,0.0019487999999999999,0.0018,BTC-PART,258.0,1249.0,0.0020046,2017-09-14T11:22:43.767,22754.03343099
0.0019488,45.26250208,0.001943,0.00220307,0.0019488,0.0018,BTC-PART,258.0,1249.0,0.0020046,2017-09-14T11:22:43.767,22754.03343099
0.0019487999999999999,45.26250208,0.001943,0.00220307,0.0019487999999999999,0.0018,BTC-PART,258.0,1249.0,0.0020046,2017-09-14T11:22:43.767,22754.03343099
0.0019656,45.26250208,0.001943,0.00220307,0.0019488,0.0018,BTC-PART,258.0,1249.0,0.0020046,2017-09-14T11:25:28.027,22754.03343099
0.00196559,45.26250208,0.001943,0.00220307,0.0019487999999999999,0.0018,BTC-PART,258.0,1249.0,0.0020046,2017-09-14T11:25:51.187,22754.03343099
0.00196559,45.26250208,0.001943,0.00220307,0.0019488,0.0018,BTC-PART,258.0,1249.0,0.0020046,2017-09-14T11:25:51.187,22754.03343099
0.00196559,45.26250208,0.001943,0.00220307,0.0019487999999999999,0.0018,BTC-PART,258.0,1249.0,0.0020046,2017-09-14T11:25:51.187,22754.03343099
0.00196559,45.26250208,0.001943,0.00220307,0.0019488,0.0018,BTC-PART,258.0,1249.0,0.0020046,2017-09-14T11:25:51.187,22754.03343099
0.00196559,45.26250208,0.001943,0.00220307,0.0019487999999999999,0.0018,BTC-PART,258.0,1249.0,0.0020046,2017-09-14T11:25:51.187,22754.03343099
0.00196559,45.26250208,0.001943,0.00220307,0.0019488,0.0018,BTC-PART,258.0,1249.0,0.0020046,2017-09-14T11:25:51.187,22754.03343099
0.00196558,45.48192673,0.00190076,0.00220307,0.00190065,0.0018,BTC-PART,254.0,1246.0,0.0020046,2017-09-14T11:29:46.68,22873.29552212
0.0019653,45.48192673,0.00190109,0.00220307,0.00190065,0.0018,BTC-PART,254.0,1246.0,0.0020046,2017-09-14T11:30:19.683,22873.29552212
0.00196501,45.48192673,0.00190141,0.00220307,0.00190065,0.0018,BTC-PART,254.0,1246.0,0.0020046,2017-09-14T11:30:53.767,22873.29552212
0.00180445,49.85206334,0.0018,0.00220307,0.00180445,0.0018,BTC-PART,206.0,1253.0,0.0020046,2017-09-14T11:31:27.1,25255.85377285
0.00180445,49.9086908,0.00180001,0.00220307,0.00180445,0.0018,BTC-PART,216.0,1255.0,0.00200461,2017-09-14T11:32:09.983,25287.79053745
0.00180445,49.9348896,0.00180001,0.00220307,0.00180445,0.0018,BTC-PART,226.0,1255.0,0.00200461,2017-09-14T11:32:33.143,25302.30953462
0.00180445,49.9348896,0.00180001,0.00220307,0.00180445,0.0018,BTC-PART,226.0,1255.0,0.00200461,2017-09-14T11:32:33.143,25302.30953462
0.00180445,49.9407713,0.0018,0.00220307,0.0018,0.0018,BTC-PART,254.0,1264.0,0.0020047,2017-09-14T11:33:57.267,25309.23034897
0.00180443,49.9407713,0.0018,0.00220307,0.0018,0.0018,BTC-PART,254.0,1264.0,0.0020047,2017-09-14T11:34:36.02,25309.23034897
0.00180434,49.95847061,0.0018,0.00220307,0.00180442,0.0018,BTC-PART,263.0,1272.0,0.0020047,2017-09-14T11:35:05.12,25319.03918507
0.00180409,49.95847061,0.0018,0.00220307,0.00180442,0.0018,BTC-PART,263.0,1272.0,0.0020047,2017-09-14T11:35:47.313,25319.03918507
0.00180437,49.97578745,0.0018,0.00220307,0.00180392,0.0018,BTC-PART,270.0,1282.0,0.00199479,2017-09-14T11:36:22.99,25332.91906401
0.00180418,49.97578745,0.00180001,0.00220307,0.00180392,0.0018,BTC-PART,270.0,1282.0,0.00199479,2017-09-14T11:36:39.557,25332.91906401
0.00180445,51.24022365,0.0018,0.00220307,0.0018,0.0018,BTC-PART,246.0,1285.0,0.00199479,2017-09-14T11:37:09.98,26035.38367944
0.00180445,51.24022365,0.0018,0.00220307,0.0018,0.0018,BTC-PART,246.0,1285.0,0.00199479,2017-09-14T11:37:09.98,26035.38367944
0.00180445,51.24022365,0.0018,0.00220307,0.0018,0.0018,BTC-PART,246.0,1285.0,0.00199479,2017-09-14T11:37:09.98,26035.38367944
0.00180445,51.24022365,0.0018,0.00220307,0.0018,0.0018,BTC-PART,246.0,1285.0,0.00199479,2017-09-14T11:37:09.98,26035.38367944
0.00180419,51.24022365,0.0018,0.00220307,0.0018,0.0018,BTC-PART,246.0,1285.0,0.00199479,2017-09-14T11:39:44.333,26035.38367944
0.00180437,51.35496426,0.0018,0.00220307,0.00180419,0.0018,BTC-PART,254.0,1297.0,0.00199555,2017-09-14T11:40:06.273,26100.07393941
0.00180437,51.35496426,0.00180001,0.00220307,0.00180419,0.0018,BTC-PART,254.0,1297.0,0.00199555,2017-09-14T11:40:50.763,26100.07393941
0.00180437,51.35496426,0.00180001,0.00220307,0.00180419,0.0018,BTC-PART,254.0,1297.0,0.00199555,2017-09-14T11:40:50.763,26100.07393941
0.00179008,51.47763902,0.00178319,0.00220307,0.00179008,0.00179008,BTC-PART,241.0,1315.0,0.00199555,2017-09-14T11:42:05.727,26168.31853254
0.00180437,51.47763902,0.00178319,0.00220307,0.00179008,0.00179008,BTC-PART,241.0,1315.0,0.00199555,2017-09-14T11:42:36.84,26168.31853254
0.00180437,51.49931477,0.0017760000000000005,0.00220307,0.00178003,0.00178003,BTC-PART,244.0,1318.0,0.00199555,2017-09-14T11:43:12.957,26180.49399689
0.00180427,51.53235792,0.001775,0.00220307,0.001775,0.001775,BTC-PART,247.0,1320.0,0.00199555,2017-09-14T11:43:41.273,26199.10874878
0.00180408,51.53235792,0.00178,0.00220307,0.001775,0.001775,BTC-PART,247.0,1320.0,0.00199555,2017-09-14T11:44:09.887,26199.10874878
0.00180388,51.8928412,0.001775,0.00220307,0.001775,0.001775,BTC-PART,254.0,1322.0,0.00199555,2017-09-14T11:45:01.173,26402.05244627
0.00180362,51.8928412,0.001775,0.00220307,0.001775,0.001775,BTC-PART,254.0,1322.0,0.00199555,2017-09-14T11:45:28.427,26402.05244627
0.00180335,51.8928412,0.00177501,0.00220307,0.001775,0.001775,BTC-PART,254.0,1322.0,0.00199555,2017-09-14T11:46:07.433,26402.05244627
0.00175434,53.13371343,0.00175,0.00220307,0.00175,0.00175,BTC-PART,240.0,1329.0,0.00199555,2017-09-14T11:46:29.5,27108.65744627
0.00175434,53.13371343,0.00175,0.00220307,0.00175,0.00175,BTC-PART,240.0,1329.0,0.00199555,2017-09-14T11:46:29.42,27108.65744627
0.00175434,53.13371343,0.00175,0.00220307,0.00175,0.00175,BTC-PART,240.0,1329.0,0.00199555,2017-09-14T11:46:29.5,27108.65744627
0.00175434,53.13371343,0.0017504999999999999,0.00220307,0.00175,0.00175,BTC-PART,240.0,1329.0,0.00199555,2017-09-14T11:48:04.997,27108.65744627
0.00175434,53.30811635,0.00175057,0.00220307,0.00175434,0.00175,BTC-PART,246.0,1331.0,0.00199555,2017-09-14T11:49:17.427,27208.06972048
0.00175434,53.30811635,0.00175057,0.00220307,0.00175434,0.00175,BTC-PART,246.0,1331.0,0.00199555,2017-09-14T11:49:17.427,27208.06972048
0.00175434,53.30811635,0.00175057,0.00220307,0.00175434,0.00175,BTC-PART,246.0,1331.0,0.00199555,2017-09-14T11:49:33.913,27208.06972048
0.00175434,53.30811635,0.00175057,0.00220307,0.00175434,0.00175,BTC-PART,246.0,1331.0,0.00199555,2017-09-14T11:49:33.477,27208.06972048
0.00179955,53.38672082,0.00175452,0.00220307,0.00175434,0.00175,BTC-PART,249.0,1331.0,0.00199555,2017-09-14T11:52:12.53,27252.87544932
0.00179926,53.38672082,0.0017547999999999995,0.00220307,0.00175434,0.00175,BTC-PART,249.0,1331.0,0.00199555,2017-09-14T11:52:48.533,27252.87544932
0.00179898,53.38721968,0.00175504,0.00220307,0.00179901,0.00175,BTC-PART,252.0,1334.0,0.00199555,2017-09-14T11:53:31.757,27253.15274932
0.00179879,55.35680344,0.00175509,0.00220307,0.00175,0.00175,BTC-PART,235.0,1335.0,0.00199555,2017-09-14T11:54:08.747,28378.3875515
0.0017986,55.35680344,0.00175511,0.00220307,0.00175,0.00175,BTC-PART,235.0,1335.0,0.00199555,2017-09-14T11:54:52.83,28378.3875515
0.00179825,55.35762903,0.00175515,0.00220307,0.00179833,0.00175,BTC-PART,239.0,1333.0,0.00199555,2017-09-14T11:55:25.567,28378.84664035
0.00177257,55.35762903,0.00175516,0.00220307,0.00179833,0.00175,BTC-PART,239.0,1333.0,0.00199555,2017-09-14T11:55:50.633,28378.84664035
0.00179759,55.42960814,0.001756,0.00220307,0.00177257,0.00175,BTC-PART,238.0,1333.0,0.00199497,2017-09-14T11:56:49.67,28419.70478320001
0.00179731,55.61039047,0.00175511,0.00220307,0.00179732,0.00175,BTC-PART,238.0,1332.0,0.00199497,2017-09-14T11:57:26.8,28520.289809
0.0017971,55.61039047,0.00175515,0.00220307,0.00179732,0.00175,BTC-PART,238.0,1332.0,0.00199497,2017-09-14T11:58:07.43,28520.289808999998
0.0017969,55.7405747,0.00175517,0.00220307,0.001797,0.00175,BTC-PART,239.0,1333.0,0.00199497,2017-09-14T11:58:46.53,28592.73497312
0.00179654,55.7756787,0.00175521,0.00220307,0.0017552,0.00175,BTC-PART,240.0,1334.0,0.00199497,2017-09-14T11:59:22.503,28612.73497312
0.00179618,55.7756787,0.00175522,0.00220307,0.0017552,0.00175,BTC-PART,240.0,1334.0,0.00199497,2017-09-14T12:00:02.553,28612.73497312
0.00179588,55.7756787,0.00178143,0.00220307,0.0017552,0.00175,BTC-PART,240.0,1334.0,0.00199497,2017-09-14T12:00:36.59,28612.73497312
0.00179562,55.8115913,0.00178143,0.00220307,0.00179563,0.00175,BTC-PART,240.0,1337.0,0.00199497,2017-09-14T12:01:07.047,28632.73497312
0.00179541,55.811591299999996,0.00178143,0.00220307,0.00179563,0.00175,BTC-PART,240.0,1337.0,0.00199497,2017-09-14T12:01:40.487,28632.73497312
0.00179505,55.8115913,0.00178143,0.00220307,0.00179563,0.00175,BTC-PART,240.0,1337.0,0.00199497,2017-09-14T12:02:18.007,28632.73497312
0.00179468,55.811591299999996,0.00178143,0.00220307,0.00179563,0.00175,BTC-PART,240.0,1337.0,0.00199497,2017-09-14T12:02:58.577,28632.73497312
0.00179434,56.01126993,0.00178143,0.00220307,0.00179434,0.00175,BTC-PART,244.0,1333.0,0.00199497,2017-09-14T12:03:33.673,28744.00973029
0.0017990999999999999,56.01126993,0.00178144,0.00220307,0.00179434,0.00175,BTC-PART,244.0,1333.0,0.00199497,2017-09-14T12:04:21.727,28744.00973029
0.00179909,56.01126993,0.00178144,0.00220307,0.00179434,0.00175,BTC-PART,244.0,1333.0,0.00199497,2017-09-14T12:04:30.4,28744.00973029
0.00179909,56.01126993,0.00178144,0.00220307,0.00179434,0.00175,BTC-PART,244.0,1333.0,0.00199497,2017-09-14T12:04:30.4,28744.00973029
0.00179907,56.01126993,0.00175737,0.00220307,0.00179434,0.00175,BTC-PART,244.0,1333.0,0.00199497,2017-09-14T12:06:23.753,28744.00973029
0.00179426,56.01126993,0.00178145,0.00220307,0.00179434,0.00175,BTC-PART,244.0,1333.0,0.00199497,2017-09-14T12:07:07.917,28744.00973029
0.00179416,56.01126993,0.00178145,0.00220307,0.00179434,0.00175,BTC-PART,244.0,1333.0,0.00199497,2017-09-14T12:07:58.89,28744.00973029
0.00179416,56.01126993,0.00178145,0.00220307,0.00179434,0.00175,BTC-PART,244.0,1333.0,0.00199497,2017-09-14T12:07:58.89,28744.00973029
0.00179434,56.00263038,0.00178146,0.00220307,0.00179417,0.00175,BTC-PART,245.0,1332.0,0.00196014,2017-09-14T12:09:45.84,28741.71658512
0.0018,56.31303931,0.00178146,0.00220307,0.0018,0.00175,BTC-PART,245.0,1328.0,0.00196014,2017-09-14T12:10:28.563,28914.427869200004
0.00180445,56.62618445,0.0018,0.00220307,0.0018,0.00175,BTC-PART,240.0,1327.0,0.00196,2017-09-14T12:11:13.317,29107.25986731
0.00180445,56.62618445,0.0018,0.00220307,0.0018,0.00175,BTC-PART,240.0,1327.0,0.00196,2017-09-14T12:11:13.317,29107.25986731
0.00180445,56.61723522,0.0018,0.00220307,0.00180445,0.00175,BTC-PART,239.0,1327.0,0.00195727,2017-09-14T12:12:35.42,29103.23860671
0.00180445,56.90820770000001,0.0018,0.00220307,0.0018,0.00175,BTC-PART,239.0,1328.0,0.00195727,2017-09-14T12:13:09.783,29264.88999254
0.00180445,56.92897012,0.0018,0.00220307,0.00180445,0.00175,BTC-PART,239.0,1328.0,0.001935,2017-09-14T12:13:50.007,29280.52325291
0.00180445,56.92897012,0.0018,0.00220307,0.00180445,0.00175,BTC-PART,239.0,1328.0,0.001935,2017-09-14T12:13:50.3,29280.52325291
0.00180445,56.92897012,0.0018,0.00220307,0.00180445,0.00175,BTC-PART,239.0,1328.0,0.001935,2017-09-14T12:13:50.3,29280.52325291
0.00180445,56.92897012,0.0018,0.00220307,0.00180445,0.00175,BTC-PART,239.0,1328.0,0.001935,2017-09-14T12:13:50.3,29280.52325291
0.00180445,56.92897012,0.0018,0.00220307,0.00180445,0.00175,BTC-PART,239.0,1328.0,0.001935,2017-09-14T12:13:50.007,29280.52325291
0.00180445,56.92897012,0.0018,0.00220307,0.00180445,0.00175,BTC-PART,239.0,1328.0,0.001935,2017-09-14T12:13:50.3,29280.52325291
0.00180445,56.92897012,0.0018,0.00220307,0.00180445,0.00175,BTC-PART,239.0,1328.0,0.001935,2017-09-14T12:13:50.3,29280.52325291
0.00180445,56.92897012,0.00180245,0.00220307,0.00180445,0.00175,BTC-PART,239.0,1328.0,0.001935,2017-09-14T12:18:40.47,29280.52325291
0.00180445,56.56199960000001,0.00180245,0.00220307,0.00180445,0.00175,BTC-PART,241.0,1331.0,0.001902,2017-09-14T12:19:37.307,29095.38364769
0.00180445,57.54902676,0.00180245,0.00220307,0.00180445,0.00175,BTC-PART,240.0,1332.0,0.00195391,2017-09-14T12:20:28.34,29650.66181536
0.00180438,57.99184093,0.00175044,0.00220307,0.00180439,0.00175,BTC-PART,241.0,1337.0,0.00190425,2017-09-14T12:21:09.597,29913.86918884
0.0018043,57.99184093,0.00175093,0.00220307,0.00180439,0.00175,BTC-PART,241.0,1337.0,0.00190425,2017-09-14T12:21:54.617,29913.86918884
0.00180424,57.99184093,0.00175136,0.00220307,0.00180439,0.00175,BTC-PART,241.0,1337.0,0.00190425,2017-09-14T12:22:33.307,29913.86918884
0.00180417,58.02283386,0.00175162,0.00220307,0.00180417,0.00175,BTC-PART,238.0,1336.0,0.00190425,2017-09-14T12:23:08.357,29931.04768884
0.00180408,58.02283386,0.00175197,0.00220307,0.00180417,0.00175,BTC-PART,238.0,1336.0,0.00190425,2017-09-14T12:23:45.453,29931.04768884
0.00180413,58.10104135,0.00175204,0.00220307,0.0018041,0.00175,BTC-PART,236.0,1332.0,0.00190425,2017-09-14T12:24:20.177,29974.39774725
0.00180409,58.10104135,0.00175215,0.00220307,0.0018041,0.00175,BTC-PART,236.0,1332.0,0.00190425,2017-09-14T12:24:51.57,29974.39774725
0.00180407,58.10104135,0.0017601,0.00220307,0.0018041,0.00175,BTC-PART,236.0,1332.0,0.00190425,2017-09-14T12:25:24.353,29974.39774725
0.00180405,58.10104135,0.00176036,0.00220307,0.0018041,0.00175,BTC-PART,236.0,1332.0,0.00190425,2017-09-14T12:26:30.563,29974.39774725
0.00180403,58.10104135,0.00176043,0.00220307,0.0018041,0.00175,BTC-PART,236.0,1332.0,0.00190425,2017-09-14T12:27:07.66,29974.39774725
0.00180403,58.10104135,0.00176058,0.00220307,0.0018041,0.00175,BTC-PART,236.0,1332.0,0.00190425,2017-09-14T12:27:49.96,29974.39774725
0.00177816,58.04960420000001,0.00176013,0.00220307,0.00176022,0.00175,BTC-PART,241.0,1338.0,0.00191056,2017-09-14T12:28:32.463,29960.59699267
0.00177816,58.04960420000001,0.00176024,0.00220307,0.00176022,0.00175,BTC-PART,241.0,1338.0,0.00191056,2017-09-14T12:28:52.903,29960.59699267
0.00177814,58.05465412,0.00176024,0.00220307,0.00177815,0.00175,BTC-PART,239.0,1337.0,0.00191056,2017-09-14T12:29:37.267,29963.43698187
0.00180385,57.75791409,0.00177816,0.00220307,0.00177815,0.00175,BTC-PART,242.0,1336.0,0.00191,2017-09-14T12:30:11.253,29808.32652902
0.00180401,57.75913041,0.00177817,0.00220307,0.00180385,0.00175,BTC-PART,241.0,1334.0,0.0019100000000000002,2017-09-14T12:31:03.697,29809.00082462
0.00180401,57.75913041,0.00177817,0.00220307,0.00180385,0.00175,BTC-PART,241.0,1334.0,0.00191,2017-09-14T12:31:34.963,29809.00082462
0.0018039999999999998,57.75913041,0.00177819,0.00220307,0.00180385,0.00175,BTC-PART,241.0,1334.0,0.0019100000000000002,2017-09-14T12:32:26.673,29809.00082462
0.001804,57.57754401,0.00177824,0.00220307,0.001804,0.00175,BTC-PART,242.0,1336.0,0.001902,2017-09-14T12:33:02.47,29714.62509242
0.00180399,57.57754401,0.00177823,0.00220307,0.0018039999999999998,0.00175,BTC-PART,242.0,1336.0,0.001902,2017-09-14T12:33:31.927,29714.62509242
0.00180398,57.62864819,0.00180397,0.00220307,0.00180397,0.00175,BTC-PART,243.0,1336.0,0.001902,2017-09-14T12:34:07.43,29742.95382499
0.00180399,57.63014819,0.00180397,0.00220307,0.00180398,0.00175,BTC-PART,243.0,1336.0,0.001902,2017-09-14T12:35:02.45,29743.7853198
0.00180445,56.78052292,0.00180399,0.00220307,0.00180399,0.00175,BTC-PART,241.0,1335.0,0.0019,2017-09-14T12:35:19.373,29296.98351124
0.00180441,56.83135656,0.00176755,0.00220307,0.00180445,0.00175,BTC-PART,238.0,1338.0,0.0019,2017-09-14T12:36:24.297,29325.15477867
0.00180432,56.83135656,0.0017677,0.00220307,0.00180445,0.00175,BTC-PART,238.0,1338.0,0.0019,2017-09-14T12:37:03.707,29325.15477867
0.00180425,56.83135656,0.00176803,0.00220307,0.00180445,0.00175,BTC-PART,238.0,1338.0,0.0019,2017-09-14T12:37:41.19,29325.15477867
0.0018042,56.91375970000001,0.00177004,0.00220307,0.00180419,0.00175,BTC-PART,244.0,1340.0,0.0019,2017-09-14T12:38:19.19,29370.82798475
0.00180421,56.99803232,0.0017701000000000001,0.00220307,0.0018042000000000002,0.00175,BTC-PART,245.0,1339.0,0.0019,2017-09-14T12:38:51.44,29417.537119099998
0.00180421,56.93177313,0.00177018,0.00220307,0.00180421,0.00175,BTC-PART,244.0,1338.0,0.0019,2017-09-14T12:39:25.58,29385.86195002
0.00180444,56.93177313,0.00177023,0.00220307,0.00180421,0.00175,BTC-PART,244.0,1338.0,0.0019,2017-09-14T12:39:56.623,29385.86195002
0.0018,56.93177313,0.00177028,0.00220307,0.00180421,0.00175,BTC-PART,244.0,1338.0,0.0019,2017-09-14T12:40:23.18,29385.86195002
0.0018,56.93177313,0.0017703,0.00220307,0.00180421,0.00175,BTC-PART,244.0,1338.0,0.0019,2017-09-14T12:40:57.557,29385.86195002
0.0018,56.93177313,0.00177033,0.00220307,0.00180421,0.00175,BTC-PART,244.0,1338.0,0.0019,2017-09-14T12:41:47.95,29385.86195002
0.00179997,58.39885226,0.00177033,0.00220307,0.00176453,0.00175,BTC-PART,234.0,1340.0,0.0019,2017-09-14T12:42:31.047,30215.06198327
0.00179991,58.41717043,0.00177033,0.00220307,0.00177033,0.00175,BTC-PART,239.0,1342.0,0.00190001,2017-09-14T12:43:04.983,30226.14186493
0.00179988,58.41717043,0.00177036,0.00220307,0.00177033,0.00175,BTC-PART,239.0,1342.0,0.00190001,2017-09-14T12:43:29.367,30226.14186493
0.00179978,58.41717043,0.00177038,0.00220307,0.00177033,0.00175,BTC-PART,239.0,1342.0,0.00190001,2017-09-14T12:44:39.647,30226.14186493
0.00179976,58.41717043,0.0017704,0.00220307,0.00177033,0.00175,BTC-PART,239.0,1342.0,0.00190001,2017-09-14T12:45:04.813,30226.14186493
0.00179969,58.41717043,0.00177042,0.00220307,0.00177033,0.00175,BTC-PART,239.0,1342.0,0.00190001,2017-09-14T12:45:43.983,30226.14186493
0.00179966,58.41717043,0.00177043,0.00220307,0.00177033,0.00175,BTC-PART,239.0,1342.0,0.00190001,2017-09-14T12:46:16.873,30226.14186493
0.0017996,58.41717043,0.00177061,0.00220307,0.00177033,0.00175,BTC-PART,239.0,1342.0,0.00190001,2017-09-14T12:46:53.06,30226.14186493
0.00179953,58.35855308,0.00177064,0.00220307,0.00179959,0.00175,BTC-PART,244.0,1350.0,0.00192878,2017-09-14T12:47:34.42,30197.3778459
0.00179972,58.52481934,0.00179956,0.00220307,0.00179956,0.00175,BTC-PART,244.0,1349.0,0.0019287,2017-09-14T12:47:44.86,30290.51618019
0.00179972,58.52481934,0.00179956,0.00220307,0.00179956,0.00175,BTC-PART,244.0,1349.0,0.0019287,2017-09-14T12:47:44.86,30290.51618019
0.00179972,58.52481934,0.00179956,0.00220307,0.00179956,0.00175,BTC-PART,244.0,1349.0,0.0019287,2017-09-14T12:47:44.86,30290.51618019
0.0018261,58.69040452,0.00179959,0.00220307,0.00183079,0.00175,BTC-PART,243.0,1304.0,0.0019287,2017-09-14T12:50:13.417,30381.29163855
0.00182609,58.69040452,0.0017996,0.00220307,0.00183079,0.00175,BTC-PART,243.0,1304.0,0.0019287,2017-09-14T12:50:59.577,30381.29163855
0.00182608,58.69040452,0.0017996,0.00220307,0.00183079,0.00175,BTC-PART,243.0,1304.0,0.0019287,2017-09-14T12:51:35.057,30381.29163855
0.00182896,58.87998848,0.00179964,0.00220307,0.00183079,0.00175,BTC-PART,246.0,1304.0,0.00192881,2017-09-14T12:52:15.743,30486.01495415
0.00181426,58.87998848,0.00179968,0.00220307,0.00183079,0.00175,BTC-PART,246.0,1304.0,0.00192881,2017-09-14T12:52:56.243,30486.01495415
0.00181426,58.87998848,0.00179956,0.00220307,0.00183079,0.00175,BTC-PART,246.0,1304.0,0.00192881,2017-09-14T12:53:33.273,30486.01495415
0.00181245,58.87998848,0.00179956,0.00220307,0.00183079,0.00175,BTC-PART,246.0,1304.0,0.00192881,2017-09-14T12:53:53.217,30486.01495415
0.00181245,58.87998848,0.00179957,0.00220307,0.00183079,0.00175,BTC-PART,246.0,1304.0,0.00192881,2017-09-14T12:54:16.197,30486.01495415
0.00179957,58.67716469,0.00179956,0.00220307,0.00179957,0.00175,BTC-PART,245.0,1308.0,0.0019,2017-09-14T12:54:54.647,30379.59549354
0.00181608,58.68906954,0.00179956,0.00220307,0.00179956,0.00175,BTC-PART,245.0,1306.0,0.0019,2017-09-14T12:55:52.917,30386.21091785
0.00181608,58.68906954,0.00179956,0.00220307,0.00179956,0.00175,BTC-PART,245.0,1306.0,0.0019,2017-09-14T12:55:52.777,30386.21091785
0.00181608,58.68906954,0.00179956,0.00220307,0.00179956,0.00175,BTC-PART,245.0,1306.0,0.0019,2017-09-14T12:55:52.777,30386.21091785
0.00181608,58.68906954,0.00179956,0.00220307,0.00179956,0.00175,BTC-PART,245.0,1306.0,0.0019,2017-09-14T12:55:52.777,30386.21091785
0.00181608,58.68906954,0.00179956,0.00220307,0.00179956,0.00175,BTC-PART,245.0,1306.0,0.0019,2017-09-14T12:55:52.777,30386.21091785
0.00183089,58.68906954,0.00179956,0.00220307,0.00179956,0.00175,BTC-PART,245.0,1306.0,0.0019,2017-09-14T12:58:41.65,30386.21091785
0.00183089,58.68906954,0.00179961,0.00220307,0.00179956,0.00175,BTC-PART,245.0,1306.0,0.0019,2017-09-14T12:59:26.74,30386.21091785
0.00183089,58.68906954,0.00179968,0.00220307,0.00179956,0.00175,BTC-PART,245.0,1306.0,0.0019,2017-09-14T13:00:00.847,30386.21091785
0.00183089,58.68906954,0.00179975,0.00220307,0.00179956,0.00175,BTC-PART,245.0,1306.0,0.0019,2017-09-14T13:00:53.507,30386.21091785
0.00183088,58.68906954,0.00179979,0.00220307,0.00179956,0.00175,BTC-PART,245.0,1306.0,0.0019,2017-09-14T13:01:34.537,30386.21091785
0.00183088,58.68906954,0.00179987,0.00220307,0.00179956,0.00175,BTC-PART,245.0,1306.0,0.0019,2017-09-14T13:02:12.783,30386.21091785
0.00183088,58.68906954,0.00180002,0.00220307,0.00179956,0.00175,BTC-PART,245.0,1306.0,0.0019,2017-09-14T13:03:23.51,30386.21091785
0.00183088,58.68906954,0.00180009,0.00220307,0.00179956,0.00175,BTC-PART,245.0,1306.0,0.0019,2017-09-14T13:03:55.287,30386.21091785
0.00183085,59.23925219,0.00175628,0.00220307,0.00175597,0.00175,BTC-PART,243.0,1308.0,0.0019,2017-09-14T13:04:38.503,30696.88839850001
0.00183051,59.23925219,0.00175676,0.00220307,0.00175597,0.00175,BTC-PART,243.0,1308.0,0.0019,2017-09-14T13:05:28.033,30696.888398500014
0.0018302,59.23925219,0.00175716,0.00220307,0.00175597,0.00175,BTC-PART,243.0,1308.0,0.0019,2017-09-14T13:06:06,30696.88839850001
0.00182986,59.23925219,0.00175753,0.00220307,0.00175597,0.00175,BTC-PART,243.0,1308.0,0.0019,2017-09-14T13:06:37.79,30696.888398500014
0.00182957,59.23925219,0.00177014,0.00220307,0.00175597,0.00175,BTC-PART,243.0,1308.0,0.0019,2017-09-14T13:07:20.82,30696.88839850001
0.00182918,59.23925219,0.00177065,0.00220307,0.00175597,0.00175,BTC-PART,243.0,1308.0,0.0019,2017-09-14T13:07:56.503,30696.888398500014
0.00182888,59.23925219,0.00177096,0.00220307,0.00175597,0.00175,BTC-PART,243.0,1308.0,0.0019,2017-09-14T13:08:32.483,30696.88839850001
0.00182842,59.23925219,0.00177142,0.00220307,0.00175597,0.00175,BTC-PART,243.0,1308.0,0.0019,2017-09-14T13:09:12.31,30696.888398500014
0.00182812,59.23925219,0.00177184,0.00220307,0.00175597,0.00175,BTC-PART,243.0,1308.0,0.0019,2017-09-14T13:10:02.87,30696.88839850001
0.00182776,59.23925219,0.00177231,0.00220307,0.00175597,0.00175,BTC-PART,243.0,1308.0,0.0019,2017-09-14T13:10:53.823,30696.888398500014
0.00182704,59.10969992,0.0018,0.00220307,0.00182704,0.00175,BTC-PART,252.0,1311.0,0.00194753,2017-09-14T13:12:22.443,30630.86208064
0.00182695,59.12291309,0.0018,0.00220307,0.00182703,0.00175,BTC-PART,253.0,1312.0,0.00194753,2017-09-14T13:12:58.72,30638.09415366
0.00182665,59.13515731,0.0018,0.00220307,0.00182695,0.00175,BTC-PART,251.0,1312.0,0.00194753,2017-09-14T13:13:54.74,30644.79615721
0.00182637,59.13515731,0.0018,0.00220307,0.00182695,0.00175,BTC-PART,251.0,1312.0,0.00194753,2017-09-14T13:14:32.453,30644.79615721
0.00182627,59.46431542,0.0018,0.00220307,0.00182627,0.00175,BTC-PART,246.0,1313.0,0.00194753,2017-09-14T13:15:06.15,30825.03861597
0.00182625,59.46431542,0.0018,0.00220307,0.00182627,0.00175,BTC-PART,246.0,1313.0,0.00194753,2017-09-14T13:15:38.97,30825.03861597
0.00182623,59.46431542,0.0018,0.00220307,0.00182627,0.00175,BTC-PART,246.0,1313.0,0.00194753,2017-09-14T13:16:26.72,30825.03861597
0.00182622,59.46431542,0.0018,0.00220307,0.00182627,0.00175,BTC-PART,246.0,1313.0,0.00194753,2017-09-14T13:17:26.94,30825.03861597
0.00182621,59.46431542,0.0018,0.00220307,0.00182627,0.00175,BTC-PART,246.0,1313.0,0.00194753,2017-09-14T13:18:06.7,30825.03861597
0.00182422,59.46431542,0.0018,0.00220307,0.00182627,0.00175,BTC-PART,246.0,1313.0,0.00194753,2017-09-14T13:18:26.91,30825.03861597
0.0018242,59.46431542,0.0018,0.00220307,0.00182627,0.00175,BTC-PART,246.0,1313.0,0.00194753,2017-09-14T13:19:07.78,30825.03861597
0.00182217,59.46431542,0.0018,0.00220307,0.00182627,0.00175,BTC-PART,246.0,1313.0,0.00194753,2017-09-14T13:20:04.58,30825.03861597
0.00182118,59.46431542,0.0018,0.00220307,0.00182627,0.00175,BTC-PART,246.0,1313.0,0.00194753,2017-09-14T13:20:52.467,30825.03861597
0.00182117,59.46431542,0.0018,0.00220307,0.00182627,0.00175,BTC-PART,246.0,1313.0,0.00194753,2017-09-14T13:20:55.013,30825.03861597
0.00182115,59.46431542,0.0018,0.00220307,0.00182627,0.00175,BTC-PART,246.0,1313.0,0.00194753,2017-09-14T13:21:45.2,30825.03861597
0.00182014,59.46431542,0.0018,0.00220307,0.00182627,0.00175,BTC-PART,246.0,1313.0,0.00194753,2017-09-14T13:22:42.183,30825.03861597
0.00182014,59.46431542,0.0018,0.00220307,0.00182627,0.00175,BTC-PART,246.0,1313.0,0.00194753,2017-09-14T13:22:42.183,30825.03861597
0.00181814,59.46431542,0.0018,0.00220307,0.00182627,0.00175,BTC-PART,246.0,1313.0,0.00194753,2017-09-14T13:24:00.5,30825.03861597
0.00181812,59.46431542,0.0018,0.00220307,0.00182627,0.00175,BTC-PART,246.0,1313.0,0.00194753,2017-09-14T13:24:31.933,30825.03861597
0.00181808,59.36832396,0.0018,0.00220307,0.0018,0.00175,BTC-PART,245.0,1312.0,0.00194556,2017-09-14T13:25:46.967,30776.14100316
0.00181806,59.36832396,0.0018,0.00220307,0.0018,0.00175,BTC-PART,245.0,1312.0,0.00194556,2017-09-14T13:26:49.75,30776.14100316
0.00181807,59.36832396,0.0018,0.00220307,0.0018,0.00175,BTC-PART,245.0,1312.0,0.00194556,2017-09-14T13:27:14.35,30776.14100316
0.00182698,59.36832396,0.0018,0.00220307,0.0018,0.00175,BTC-PART,245.0,1312.0,0.00194556,2017-09-14T13:28:08.41,30776.14100316
0.0018,59.38947376,0.00177241,0.00220307,0.0018,0.00175,BTC-PART,245.0,1311.0,0.00194556,2017-09-14T13:28:55.733,30787.89089434
0.00182497,59.47846788,0.00177267,0.00220307,0.00177255,0.00175,BTC-PART,247.0,1312.0,0.00194556,2017-09-14T13:29:50.653,30836.65118628
0.00182471,59.47846788,0.00177293,0.00220307,0.00177255,0.00175,BTC-PART,247.0,1312.0,0.00194556,2017-09-14T13:30:24.443,30836.65118628
0.00182425,59.62323252,0.00177348,0.00220307,0.00177312,0.00175,BTC-PART,241.0,1310.0,0.00194556,2017-09-14T13:31:41.167,30918.27864102
0.00182396,59.62323252,0.00177376,0.00220307,0.00177312,0.00175,BTC-PART,241.0,1310.0,0.00194556,2017-09-14T13:32:14.19,30918.27864102
0.00182365,59.62323252,0.00177415,0.00220307,0.00177312,0.00175,BTC-PART,241.0,1310.0,0.00194556,2017-09-14T13:32:56.31,30918.27864102
0.0018231,59.62323252,0.00177478,0.00220307,0.00177312,0.00175,BTC-PART,241.0,1310.0,0.00194556,2017-09-14T13:34:14.22,30918.27864102
0.00182275,59.62323252,0.00177493,0.00220307,0.00177312,0.00175,BTC-PART,241.0,1310.0,0.00194556,2017-09-14T13:34:53.23,30918.27864102
0.00182246,59.62323252,0.001775,0.00220307,0.00177312,0.00175,BTC-PART,241.0,1310.0,0.00194556,2017-09-14T13:35:35.113,30918.27864102
0.00182192,59.62323252,0.00177512,0.00220307,0.00177312,0.00175,BTC-PART,241.0,1310.0,0.00194556,2017-09-14T13:36:35.05,30918.27864102
0.00182145,59.62323252,0.00177538,0.00220307,0.00177312,0.00175,BTC-PART,241.0,1310.0,0.00194556,2017-09-14T13:37:33.22,30918.27864102
0.0018207,59.62323252,0.00177577,0.00220307,0.00177312,0.00175,BTC-PART,241.0,1310.0,0.00194556,2017-09-14T13:38:12.463,30918.27864102
0.00182032,59.62282144,0.00177638,0.00220307,0.00182039,0.00175,BTC-PART,252.0,1310.0,0.00190345,2017-09-14T13:39:05.6,30918.63114752
0.00181996,59.62282144,0.00177672,0.00220307,0.00182039,0.00175,BTC-PART,252.0,1310.0,0.00190345,2017-09-14T13:39:40.797,30918.63114752
0.0018207,59.62282144,0.00177711,0.00220307,0.00182039,0.00175,BTC-PART,252.0,1310.0,0.00190345,2017-09-14T13:40:28.07,30918.63114752
0.00182049,59.62282144,0.0017774000000000004,0.00220307,0.00182039,0.00175,BTC-PART,252.0,1310.0,0.00190345,2017-09-14T13:41:03.953,30918.63114752
0.00182012,59.62282144,0.00177767,0.00220307,0.00182039,0.00175,BTC-PART,252.0,1310.0,0.00190345,2017-09-14T13:41:51.37,30918.63114752
0.00181991,59.62282144,0.00177807,0.00220307,0.00182039,0.00175,BTC-PART,252.0,1310.0,0.00190345,2017-09-14T13:42:35.1,30918.63114752
0.00181947,59.68651233,0.00177837,0.00220307,0.00181974,0.00175,BTC-PART,253.0,1311.0,0.00190345,2017-09-14T13:43:41.113,30953.63114752
0.00181918,59.68651233,0.00177881,0.00220307,0.00181974,0.00175,BTC-PART,253.0,1311.0,0.00190345,2017-09-14T13:44:26.513,30953.63114752
0.00181897,59.68651233,0.001779,0.00220307,0.00181974,0.00175,BTC-PART,253.0,1311.0,0.00190345,2017-09-14T13:45:14.777,30953.63114752
0.00181869,59.68651233,0.0017800999999999995,0.00220307,0.00181974,0.00175,BTC-PART,253.0,1311.0,0.00190345,2017-09-14T13:45:57.83,30953.63114752
0.00181837,59.68937879,0.00178068,0.00220307,0.00181858,0.00175,BTC-PART,253.0,1312.0,0.00190345,2017-09-14T13:46:59.453,30955.20735576
0.00181816,59.68937879,0.0017811,0.00220307,0.00181858,0.00175,BTC-PART,253.0,1312.0,0.00190345,2017-09-14T13:47:40.447,30955.20735576
0.00181798,59.68937879,0.00178136,0.00220307,0.00181858,0.00175,BTC-PART,253.0,1312.0,0.00190345,2017-09-14T13:48:15.72,30955.20735576
0.00181788,62.29320867,0.0017800000000000001,0.00220307,0.0017800000000000001,0.00175,BTC-PART,248.0,1312.0,0.00190345,2017-09-14T13:48:56.853,32417.70700976
0.00181736,62.29320867,0.00178008,0.00220307,0.00178,0.00175,BTC-PART,248.0,1312.0,0.00190345,2017-09-14T13:49:46.74,32417.70700976
0.0018169,62.29320867,0.00178008,0.00220307,0.0017800000000000001,0.00175,BTC-PART,248.0,1312.0,0.00190345,2017-09-14T13:50:35.59,32417.70700976
0.00181641,62.29320867,0.00178008,0.00220307,0.00178,0.00175,BTC-PART,248.0,1312.0,0.00190345,2017-09-14T13:51:15.257,32417.70700976
0.00181592,62.29320867,0.00178008,0.00220307,0.0017800000000000001,0.00175,BTC-PART,248.0,1312.0,0.00190345,2017-09-14T13:51:57.67,32417.70700976
0.00178008,62.33075015,0.00178,0.00220307,0.00178008,0.00175,BTC-PART,252.0,1314.0,0.00190345,2017-09-14T13:52:26.99,32438.79667025
0.00179937,62.39420659,0.0017800000000000001,0.00220307,0.0017800000000000001,0.00175,BTC-PART,253.0,1315.0,0.00190345,2017-09-14T13:53:26.047,32474.44635777
0.00179891,62.39420659,0.00178,0.00220307,0.00178,0.00175,BTC-PART,253.0,1315.0,0.00190345,2017-09-14T13:54:07.383,32474.44635777
0.00182066,63.33112855,0.0017802,0.00220307,0.0018207,0.00175,BTC-PART,253.0,1308.0,0.00190345,2017-09-14T13:54:50.41,32993.77071981
0.00182057,63.33112855,0.0017805999999999996,0.00220307,0.0018207,0.00175,BTC-PART,253.0,1308.0,0.00190345,2017-09-14T13:55:24.68,32993.77071981
0.00182052,63.33112855,0.00178089,0.00220307,0.0018207,0.00175,BTC-PART,253.0,1308.0,0.00190345,2017-09-14T13:56:02.657,32993.77071981
0.00182045,63.33413429,0.0017813,0.00220307,0.00182049,0.00175,BTC-PART,258.0,1313.0,0.00190345,2017-09-14T13:56:43.053,32995.42178594
0.00182027,63.33413429,0.00178223,0.00220307,0.00182049,0.00175,BTC-PART,258.0,1313.0,0.00190345,2017-09-14T13:58:14.213,32995.42178594
0.0018202,63.37586842,0.00178267,0.00220307,0.0018202,0.00175,BTC-PART,257.0,1310.0,0.0019059,2017-09-14T13:58:53.61,33018.46102846
0.00182019,63.37586842,0.00178307,0.00220307,0.0018202000000000001,0.00175,BTC-PART,257.0,1310.0,0.0019059,2017-09-14T13:59:25.07,33018.46102846
0.00182016,63.37586842,0.00178365,0.00220307,0.0018202,0.00175,BTC-PART,257.0,1310.0,0.0019059,2017-09-14T14:00:23.673,33018.46102846
0.00182016,63.37586842,0.00178408,0.00220307,0.0018202000000000001,0.00175,BTC-PART,257.0,1310.0,0.0019059,2017-09-14T14:01:01.12,33018.46102846
0.00182014,63.37586842,0.00178436,0.00220307,0.0018202,0.00175,BTC-PART,257.0,1310.0,0.0019059,2017-09-14T14:01:43.313,33018.46102846
0.00182025,63.37586842,0.00178486,0.00220307,0.0018202000000000001,0.00175,BTC-PART,257.0,1310.0,0.0019059,2017-09-14T14:02:30.243,33018.46102846
0.00182025,63.37586842,0.00178513,0.00220307,0.0018202,0.00175,BTC-PART,257.0,1310.0,0.0019059,2017-09-14T14:03:10.393,33018.46102846
0.00182025,63.37186783,0.00178544,0.00220307,0.00182025,0.00175,BTC-PART,259.0,1311.0,0.00194028,2017-09-14T14:03:52.32,33016.46102846
0.00182025,63.37186783,0.00178557,0.00220307,0.00182025,0.00175,BTC-PART,259.0,1311.0,0.00194028,2017-09-14T14:04:29.42,33016.46102846
0.00182023,63.37186783,0.00178567,0.00220307,0.00182025,0.00175,BTC-PART,259.0,1311.0,0.00194028,2017-09-14T14:05:03.397,33016.46102846
0.00182024,63.37186783,0.00178594,0.00220307,0.00182025,0.00175,BTC-PART,259.0,1311.0,0.00194028,2017-09-14T14:05:41.213,33016.46102846
0.00182024,63.37186783,0.00178622,0.00220307,0.00182025,0.00175,BTC-PART,259.0,1311.0,0.00194028,2017-09-14T14:06:18.36,33016.46102846
0.00182024,63.37186783,0.00178649,0.00220307,0.00182025,0.00175,BTC-PART,259.0,1311.0,0.00194028,2017-09-14T14:06:56.023,33016.46102846
0.00182025,63.37186783,0.00178708,0.00220307,0.00182025,0.00175,BTC-PART,259.0,1311.0,0.00194028,2017-09-14T14:08:02.3,33016.46102846
0.00178691,63.4018429,0.00178565,0.00220307,0.00178692,0.00175,BTC-PART,256.0,1315.0,0.00192507,2017-09-14T14:08:30.057,33037.09789608
0.00178691,63.4018429,0.00178566,0.00220307,0.00178692,0.00175,BTC-PART,256.0,1315.0,0.00192507,2017-09-14T14:08:56.547,33037.09789608
0.00178691,63.4018429,0.00178566,0.00220307,0.00178692,0.00175,BTC-PART,256.0,1315.0,0.00192507,2017-09-14T14:08:56.547,33037.09789608
0.00178691,63.48468509,0.00178566,0.00220307,0.00178691,0.00175,BTC-PART,258.0,1313.0,0.00190495,2017-09-14T14:10:20.573,33083.68400291
0.001816,63.49041933,0.00178693,0.00220307,0.00178691,0.00175,BTC-PART,261.0,1313.0,0.00190495,2017-09-14T14:11:22.007,33086.89303298
0.00181596,63.49041933,0.00178742,0.00220307,0.00178691,0.00175,BTC-PART,261.0,1313.0,0.00190495,2017-09-14T14:12:02.327,33086.89303298
0.00181592,63.49041933,0.00179203,0.00220307,0.00178691,0.00175,BTC-PART,261.0,1313.0,0.00190495,2017-09-14T14:12:54.913,33086.89303298
0.00181591,63.49041933,0.00179203,0.00220307,0.00178691,0.00175,BTC-PART,261.0,1313.0,0.00190495,2017-09-14T14:12:59.977,33086.89303298
0.00181609,63.49041933,0.00179205,0.00220307,0.00178691,0.00175,BTC-PART,261.0,1313.0,0.00190495,2017-09-14T14:13:50.907,33086.89303298
0.00181609,63.49041933,0.00179206,0.00220307,0.00178691,0.00175,BTC-PART,261.0,1313.0,0.00190495,2017-09-14T14:14:40.68,33086.89303298
0.0018161,63.08457599,0.00181609,0.00220307,0.00181609,0.00175,BTC-PART,264.0,1313.0,0.00190556,2017-09-14T14:15:03.527,32877.89469217
0.00182016,63.09150555,0.0018160999999999997,0.00220307,0.0018160999999999997,0.00175,BTC-PART,262.0,1310.0,0.00190556,2017-09-14T14:16:07.38,32881.71032013
0.00182016,63.09150555,0.0018161,0.00220307,0.0018161,0.00175,BTC-PART,262.0,1310.0,0.00190556,2017-09-14T14:16:07.38,32881.71032013
0.00182012,63.08765125,0.00178697,0.00220307,0.00182016,0.00175,BTC-PART,260.0,1310.0,0.00190435,2017-09-14T14:17:46.817,32880.05530123
0.00182009,63.08765125,0.00178739,0.00220307,0.00182016,0.00175,BTC-PART,260.0,1310.0,0.00190435,2017-09-14T14:18:32.637,32880.05530123
0.00182005,63.08765125,0.00178856,0.00220307,0.00182016,0.00175,BTC-PART,260.0,1310.0,0.00190435,2017-09-14T14:19:10.563,32880.05530123
0.00182001,63.08765125,0.00178881,0.00220307,0.00182016,0.00175,BTC-PART,260.0,1310.0,0.00190435,2017-09-14T14:19:39.333,32880.05530123
0.00182,63.08765125,0.00179015,0.00220307,0.00182016,0.00175,BTC-PART,260.0,1310.0,0.00190435,2017-09-14T14:20:16.137,32880.05530123
0.00181995,63.08765125,0.00179033,0.00220307,0.00182016,0.00175,BTC-PART,260.0,1310.0,0.00190435,2017-09-14T14:20:57.567,32880.05530123
0.00181993,63.08765125,0.00179038,0.00220307,0.00182016,0.00175,BTC-PART,260.0,1310.0,0.00190435,2017-09-14T14:21:32.57,32880.05530123
0.00181991,63.08765125,0.00179045,0.00220307,0.00182016,0.00175,BTC-PART,260.0,1310.0,0.00190435,2017-09-14T14:22:15.217,32880.05530123
0.00181986,63.08765125,0.00179052,0.00220307,0.00182016,0.00175,BTC-PART,260.0,1310.0,0.00190435,2017-09-14T14:22:48.473,32880.05530123
0.00181985,63.08765125,0.0018,0.00220307,0.00182016,0.00175,BTC-PART,260.0,1310.0,0.00190435,2017-09-14T14:23:19.18,32880.05530123
0.00181984,63.08765125,0.00180001,0.00220307,0.00182016,0.00175,BTC-PART,260.0,1310.0,0.00190435,2017-09-14T14:23:47.31,32880.05530123
0.00181983,63.08765125,0.00180001,0.00220307,0.00182016,0.00175,BTC-PART,260.0,1310.0,0.00190435,2017-09-14T14:24:33.003,32880.05530123
0.00182016,63.1111235,0.00181982,0.00220307,0.00181982,0.00175,BTC-PART,259.0,1312.0,0.00190434,2017-09-14T14:24:55.96,32894.81512972
0.00182016,63.12515298,0.00181982,0.00220307,0.00182016,0.00175,BTC-PART,257.0,1312.0,0.00190434,2017-09-14T14:25:38.95,32903.16781639
0.00182016,63.19668526,0.00181982,0.00220307,0.00182016,0.00175,BTC-PART,256.0,1313.0,0.00190434,2017-09-14T14:26:04.547,32942.46781639
0.00182016,63.19668526,0.00181982,0.00220307,0.00182016,0.00175,BTC-PART,256.0,1313.0,0.00190434,2017-09-14T14:26:04.547,32942.46781639
0.00182016,63.18061210000001,0.00181982,0.00220307,0.00182016,0.00175,BTC-PART,255.0,1312.0,0.00190435,2017-09-14T14:28:04.173,32934.37515272
0.00182016,63.2079145,0.00181982,0.00220307,0.00182016,0.00175,BTC-PART,256.0,1312.0,0.00190435,2017-09-14T14:28:42.787,32949.37515272
0.00182016,63.2079145,0.00181982,0.00220307,0.00182016,0.00175,BTC-PART,256.0,1312.0,0.00190435,2017-09-14T14:28:42.787,32949.37515272
0.00182624,63.22258385,0.00182016,0.00220307,0.00182016,0.00175,BTC-PART,257.0,1311.0,0.00190435,2017-09-14T14:29:56.36,32957.43453187
0.00182624,63.22258385,0.00182016,0.00220307,0.00182016,0.00175,BTC-PART,257.0,1311.0,0.00190435,2017-09-14T14:29:56.36,32957.43453187
0.00182624,63.22258385,0.00182016,0.00220307,0.00182016,0.00175,BTC-PART,257.0,1311.0,0.00190435,2017-09-14T14:29:56.36,32957.43453187
0.00182624,63.22258385,0.00182016,0.00220307,0.00182016,0.00175,BTC-PART,257.0,1311.0,0.00190435,2017-09-14T14:29:56.36,32957.43453187
0.00182624,63.22258385,0.00182016,0.00220307,0.00182016,0.00175,BTC-PART,257.0,1311.0,0.00190435,2017-09-14T14:29:56.36,32957.43453187
0.00182704,63.22466322,0.00182624,0.00220307,0.00182624,0.00175,BTC-PART,255.0,1309.0,0.00190435,2017-09-14T14:33:06.4,32958.59633339
0.00182772,63.34572889,0.00182624,0.00220307,0.00183089,0.00175,BTC-PART,255.0,1307.0,0.00190435,2017-09-14T14:33:41.86,33024.88308021
0.00183089,63.346560200000006,0.00182772,0.00220307,0.00182772,0.00175,BTC-PART,255.0,1307.0,0.00190435,2017-09-14T14:34:16.597,33025.33791666
0.00184026,63.36572660000001,0.00183133,0.00220307,0.00183133,0.00175,BTC-PART,255.0,1292.0,0.00190435,2017-09-14T14:35:08.747,33035.80470807
0.00184026,63.36572660000001,0.00183133,0.00220307,0.00183133,0.00175,BTC-PART,255.0,1292.0,0.00190435,2017-09-14T14:35:08.747,33035.80470807
0.00184026,63.53403563,0.00181982,0.00220307,0.00181982,0.00175,BTC-PART,251.0,1293.0,0.00190435,2017-09-14T14:36:14.3,33128.27051909
0.00184026,63.53403563,0.00181982,0.00220307,0.00181982,0.00175,BTC-PART,251.0,1293.0,0.00190435,2017-09-14T14:36:14.3,33128.27051909
0.00183512,63.54088014,0.00181982,0.00220307,0.00183512,0.00175,BTC-PART,254.0,1294.0,0.00190435,2017-09-14T14:38:08.143,33131.99438724
0.00184676,63.56331935,0.00183512,0.00220307,0.00183512,0.00175,BTC-PART,254.0,1294.0,0.00190435,2017-09-14T14:38:52.883,33144.22204233
0.00183203,63.57988052,0.00181982,0.00220307,0.00183512,0.00175,BTC-PART,253.0,1294.0,0.00190434,2017-09-14T14:39:44.67,33153.26443281
0.00183203,63.57988052,0.00181982,0.00220307,0.00183512,0.00175,BTC-PART,253.0,1294.0,0.00190434,2017-09-14T14:39:44.67,33153.26443281
0.00183203,63.57988052,0.00181982,0.00220307,0.00183512,0.00175,BTC-PART,253.0,1294.0,0.00190434,2017-09-14T14:39:44.67,33153.26443281
0.00183203,63.57988052,0.00181982,0.00220307,0.00183512,0.00175,BTC-PART,253.0,1294.0,0.00190434,2017-09-14T14:39:44.67,33153.26443281
0.00184677,63.5893001,0.00183203,0.00220307,0.00183203,0.00175,BTC-PART,254.0,1295.0,0.00190434,2017-09-14T14:42:20.127,33158.91915462
0.00183202,63.64294570000001,0.00181982,0.00220307,0.00181983,0.00175,BTC-PART,253.0,1297.0,0.00190434,2017-09-14T14:43:05.773,33188.30386693
0.00183203,63.65145048,0.00181982,0.00220307,0.00181982,0.00175,BTC-PART,254.0,1296.0,0.00190434,2017-09-14T14:43:44.87,33192.97728983
0.00183203,63.68272792,0.00181982,0.00220307,0.00183203,0.00175,BTC-PART,255.0,1296.0,0.00190434,2017-09-14T14:43:56.31,33210.04984892
0.00184676,63.68272792,0.00181982,0.00220307,0.00183203,0.00175,BTC-PART,255.0,1296.0,0.00190434,2017-09-14T14:45:04.037,33210.04984892
0.00183203,63.68272792,0.00181982,0.00220307,0.00183203,0.00175,BTC-PART,255.0,1296.0,0.00190434,2017-09-14T14:45:16.82,33210.04984892
0.00184675,63.68272792,0.00181983,0.00220307,0.00183203,0.00175,BTC-PART,255.0,1296.0,0.00190434,2017-09-14T14:46:23.67,33210.04984892
0.00181983,63.70377811,0.00181982,0.00220307,0.00181983,0.00175,BTC-PART,256.0,1297.0,0.00190434,2017-09-14T14:46:43.14,33221.88504825
0.00184675,63.73690389,0.00181983,0.00220307,0.00181983,0.00175,BTC-PART,255.0,1295.0,0.00190434,2017-09-14T14:47:54.337,33240.08772666
0.00184675,63.73690389,0.00181984,0.00220307,0.00181983,0.00175,BTC-PART,255.0,1295.0,0.00190434,2017-09-14T14:47:55.337,33240.08772666
0.00184675,63.73690389,0.00181984,0.00220307,0.00181983,0.00175,BTC-PART,255.0,1295.0,0.00190434,2017-09-14T14:47:55.337,33240.08772666
0.00184672,63.73690389,0.00181984,0.00220307,0.00181983,0.00175,BTC-PART,255.0,1295.0,0.00190434,2017-09-14T14:49:40.473,33240.08772666
0.0018199,63.73690389,0.00181984,0.00220307,0.00181983,0.00175,BTC-PART,255.0,1295.0,0.00190434,2017-09-14T14:50:35.887,33240.08772666
0.0018467,63.73690389,0.00181984,0.00220307,0.00181983,0.00175,BTC-PART,255.0,1295.0,0.00190434,2017-09-14T14:50:48.873,33240.08772666
0.00184668,63.73690389,0.00181984,0.00220307,0.00181983,0.00175,BTC-PART,255.0,1295.0,0.00190434,2017-09-14T14:51:44.737,33240.08772666
0.00181982,63.87738343,0.00178691,0.00220307,0.00181982,0.00175,BTC-PART,255.0,1299.0,0.00190018,2017-09-14T14:53:11.717,33317.4814181
0.00181974,63.87799277,0.00178741,0.00220307,0.00181979,0.00175,BTC-PART,258.0,1300.0,0.00190018,2017-09-14T14:54:06.97,33317.81626295
0.00181967,63.87799277,0.00178777,0.00220307,0.00181979,0.00175,BTC-PART,258.0,1300.0,0.00190018,2017-09-14T14:54:46.757,33317.81626295
0.00181959,63.87799277,0.00178828,0.00220307,0.00181979,0.00175,BTC-PART,258.0,1300.0,0.00190018,2017-09-14T14:55:27.293,33317.81626295
0.00181952,63.87799277,0.00178861,0.00220307,0.00181979,0.00175,BTC-PART,258.0,1300.0,0.00190018,2017-09-14T14:56:08.72,33317.81626295
0.00181945,63.87799277,0.00178894,0.00220307,0.00181979,0.00175,BTC-PART,258.0,1300.0,0.00190018,2017-09-14T14:56:50.397,33317.81626295
0.00181934,63.87799277,0.00178937,0.00220307,0.00181979,0.00175,BTC-PART,258.0,1300.0,0.00190018,2017-09-14T14:57:57.403,33317.81626295
0.0018466,63.88597642,0.00178996,0.00220307,0.00178946,0.00175,BTC-PART,265.0,1294.0,0.00190018,2017-09-14T14:58:59.55,33322.27775295
0.0018465,63.88597642,0.0017904,0.00220307,0.00178946,0.00175,BTC-PART,265.0,1294.0,0.00190018,2017-09-14T14:59:42.367,33322.27775295
0.00184639,63.88597642,0.00179081,0.00220307,0.00178946,0.00175,BTC-PART,265.0,1294.0,0.00190018,2017-09-14T15:00:29.387,33322.27775295
0.00184626,63.88597642,0.00179311,0.00220307,0.00178946,0.00175,BTC-PART,265.0,1294.0,0.00190018,2017-09-14T15:01:31.58,33322.27775295
0.00184616,63.88597642,0.00179354,0.00220307,0.00178946,0.00175,BTC-PART,265.0,1294.0,0.00190018,2017-09-14T15:02:13.96,33322.27775295
0.00184608,63.88597642,0.00179391,0.00220307,0.00178946,0.00175,BTC-PART,265.0,1294.0,0.00190018,2017-09-14T15:02:55.027,33322.27775295
0.00184596,64.31456373,0.00179436,0.00220307,0.0017942999999999995,0.00175,BTC-PART,269.0,1300.0,0.00193462,2017-09-14T15:03:40.483,33563.29480906
0.00184563,64.72767183,0.00178974,0.00220307,0.00178963,0.00175,BTC-PART,269.0,1304.0,0.00193462,2017-09-14T15:04:16.237,33794.01361233
0.00184514,64.74630427,0.00178979,0.00220307,0.00184553,0.00175,BTC-PART,268.0,1308.0,0.00193462,2017-09-14T15:04:55.787,33804.10959926
0.00184393,64.73125035,0.00178966,0.00220307,0.00184412,0.00175,BTC-PART,269.0,1312.0,0.00193369,2017-09-14T15:06:26.297,33796.33704284
0.00184351,64.73125035,0.00178954,0.00220307,0.00184412,0.00175,BTC-PART,269.0,1312.0,0.00193369,2017-09-14T15:07:04.69,33796.33704284
0.00184298,64.73125035,0.00178961,0.00220307,0.00184412,0.00175,BTC-PART,269.0,1312.0,0.00193369,2017-09-14T15:07:52.46,33796.33704284
0.00184249,64.73125035,0.00178957,0.00220307,0.00184412,0.00175,BTC-PART,269.0,1312.0,0.00193369,2017-09-14T15:08:31.95,33796.33704284
0.00184204,64.73409111,0.00178954,0.00220307,0.00184237,0.00175,BTC-PART,268.0,1310.0,0.00193353,2017-09-14T15:09:06.06,33798.27772011
0.00184147,64.73409111,0.00178954,0.00220307,0.00184237,0.00175,BTC-PART,268.0,1310.0,0.00193353,2017-09-14T15:09:45.847,33798.27772011
0.00184097,64.73409111,0.00178954,0.00220307,0.00184237,0.00175,BTC-PART,268.0,1310.0,0.00193353,2017-09-14T15:10:23.613,33798.27772011
0.00184043,64.73409111,0.00178956,0.00220307,0.00184237,0.00175,BTC-PART,268.0,1310.0,0.00193353,2017-09-14T15:11:05.54,33798.27772011
0.00183992,64.73409111,0.00178955,0.00220307,0.00184237,0.00175,BTC-PART,268.0,1310.0,0.00193353,2017-09-14T15:11:45.213,33798.27772011
0.00183944,64.6489333,0.00178954,0.00220307,0.00183973,0.00175,BTC-PART,267.0,1311.0,0.00190238,2017-09-14T15:12:19.123,33753.69238544
0.00183889,64.6489333,0.00178958,0.00220307,0.00183973,0.00175,BTC-PART,267.0,1311.0,0.00190238,2017-09-14T15:12:56.11,33753.69238544
0.00183838,64.6489333,0.00178955,0.00220307,0.00183973,0.00175,BTC-PART,267.0,1311.0,0.00190238,2017-09-14T15:13:36.583,33753.69238544
0.00183791,64.6489333,0.00178956,0.00220307,0.00183973,0.00175,BTC-PART,267.0,1311.0,0.00190238,2017-09-14T15:14:20.603,33753.69238544
0.00183749,64.6489333,0.00178955,0.00220307,0.00183973,0.00175,BTC-PART,267.0,1311.0,0.00190238,2017-09-14T15:15:02.013,33753.69238544
0.00183695,64.6489333,0.00178956,0.00220307,0.00183973,0.00175,BTC-PART,267.0,1311.0,0.00190238,2017-09-14T15:15:37.843,33753.69238544
0.00178956,64.80964733,0.00178953,0.00220307,0.00178956,0.00175,BTC-PART,267.0,1311.0,0.00190238,2017-09-14T15:16:02.643,33843.49852983
0.00178956,64.80964733,0.00178953,0.00220307,0.00178956,0.00175,BTC-PART,267.0,1311.0,0.00190238,2017-09-14T15:16:02.953,33843.49852983
0.00178956,64.80964733,0.00178953,0.00220307,0.00178956,0.00175,BTC-PART,267.0,1311.0,0.00190238,2017-09-14T15:16:02.953,33843.49852983
0.00178956,64.80964733,0.00178953,0.00220307,0.00178956,0.00175,BTC-PART,267.0,1311.0,0.00190238,2017-09-14T15:16:02.953,33843.49852983
0.00178956,64.81449006,0.00178953,0.00220307,0.00178956,0.00175,BTC-PART,267.0,1310.0,0.00190238,2017-09-14T15:18:25.833,33846.20463254
0.00178956,64.81449006,0.00178953,0.00220307,0.00178956,0.00175,BTC-PART,267.0,1310.0,0.00190238,2017-09-14T15:18:25.833,33846.20463254
0.00178956,64.81933352,0.00178953,0.00220307,0.00178956,0.00175,BTC-PART,267.0,1310.0,0.00190238,2017-09-14T15:19:32.387,33848.91114216
0.00178956,64.81933352,0.00178953,0.00220307,0.00178956,0.00175,BTC-PART,267.0,1310.0,0.00190238,2017-09-14T15:19:32.387,33848.91114216
0.00178956,64.83365,0.00178953,0.00220307,0.00178956,0.00175,BTC-PART,267.0,1310.0,0.00190238,2017-09-14T15:21:04.457,33856.91114216
0.00178956,64.83365,0.00178953,0.00220307,0.00178956,0.00175,BTC-PART,267.0,1310.0,0.00190238,2017-09-14T15:21:04.457,33856.91114216
0.00178956,64.83365,0.00178953,0.00220307,0.00178956,0.00175,BTC-PART,267.0,1310.0,0.00190238,2017-09-14T15:21:04.457,33856.91114216
0.00178956,64.83365,0.00178953,0.00220307,0.00178956,0.00175,BTC-PART,267.0,1310.0,0.00190238,2017-09-14T15:21:04.457,33856.91114216
0.00178956,64.83365,0.00178953,0.00220307,0.00178956,0.00175,BTC-PART,267.0,1310.0,0.00190238,2017-09-14T15:21:04.457,33856.91114216
0.00178956,64.83849768,0.00178953,0.00220307,0.00178956,0.00175,BTC-PART,267.0,1309.0,0.00190238,2017-09-14T15:24:37.843,33859.62000959
0.00178956,64.83849768,0.00178953,0.00220307,0.00178956,0.00175,BTC-PART,267.0,1309.0,0.00190238,2017-09-14T15:24:37.843,33859.62000959
0.00178599,64.8943641,0.00178565,0.00220307,0.00178691,0.00175,BTC-PART,264.0,1310.0,0.00190167,2017-09-14T15:26:18.367,33891.89819921
0.00178599,64.8943641,0.00178565,0.00220307,0.00178691,0.00175,BTC-PART,264.0,1310.0,0.00190167,2017-09-14T15:26:18.367,33891.89819921
0.00178599,64.8943641,0.00178565,0.00220307,0.00178691,0.00175,BTC-PART,264.0,1310.0,0.00190167,2017-09-14T15:26:18.367,33891.89819921
0.00178599,64.912224,0.00178565,0.00220307,0.00178599,0.00175,BTC-PART,266.0,1311.0,0.00190167,2017-09-14T15:28:15.273,33901.89819921
0.00178599,64.912224,0.00178565,0.00220307,0.00178599,0.00175,BTC-PART,266.0,1311.0,0.00190167,2017-09-14T15:28:15.273,33901.89819921
0.00178599,64.62610456,0.00178566,0.00220307,0.00178599,0.00175,BTC-PART,268.0,1311.0,0.0019352,2017-09-14T15:30:01.923,33755.52053004
0.00178599,64.62610456,0.00178566,0.00220307,0.00178599,0.00175,BTC-PART,268.0,1311.0,0.0019352,2017-09-14T15:30:01.923,33755.52053004
0.00178599,64.66689877,0.00178566,0.00220307,0.00178566,0.00175,BTC-PART,268.0,1311.0,0.0019352,2017-09-14T15:31:01.337,33778.76335446
0.00178599,64.66689877,0.00178566,0.00220307,0.00178566,0.00175,BTC-PART,268.0,1311.0,0.0019352,2017-09-14T15:31:01.337,33778.76335446
0.00183384,64.70612883,0.00178567,0.00220307,0.00178566,0.00175,BTC-PART,269.0,1310.0,0.00191146,2017-09-14T15:32:36.953,33801.00314087
0.00177992,67.22046704,0.00177613,0.00220307,0.0017800000000000001,0.00175,BTC-PART,264.0,1311.0,0.00191146,2017-09-14T15:33:12.45,35212.61517554
0.00177974,67.23066497,0.00177613,0.00220307,0.00177983,0.00175,BTC-PART,265.0,1309.0,0.00191146,2017-09-14T15:33:55.967,35218.34491663
0.00178001,67.24654473,0.00177613,0.00220307,0.00177974,0.00175,BTC-PART,265.0,1309.0,0.00191146,2017-09-14T15:34:18.6,35227.26743363
0.00178001,67.24654473,0.00177613,0.00220307,0.00177974,0.00175,BTC-PART,265.0,1309.0,0.00191146,2017-09-14T15:34:18.6,35227.26743363
0.00178001,67.25544478,0.00177613,0.00220307,0.00178001,0.00175,BTC-PART,265.0,1309.0,0.00191146,2017-09-14T15:35:45.147,35232.26743363
0.00178001,67.25544478,0.00177613,0.00220307,0.00178001,0.00175,BTC-PART,265.0,1309.0,0.00191146,2017-09-14T15:35:45.147,35232.26743363
0.00178001,67.27610993,0.00177613,0.00220307,0.00178001,0.00175,BTC-PART,264.0,1309.0,0.00191146,2017-09-14T15:36:56.58,35243.87700723
0.00178001,67.27610993,0.00177613,0.00220307,0.00178001,0.00175,BTC-PART,264.0,1309.0,0.00191146,2017-09-14T15:36:56.58,35243.87700723
0.00178001,67.27610993,0.00177613,0.00220307,0.00178001,0.00175,BTC-PART,264.0,1309.0,0.00191146,2017-09-14T15:36:56.58,35243.87700723
0.00178009,67.39627561,0.00177613,0.00220307,0.00178001,0.00175,BTC-PART,264.0,1310.0,0.00196158,2017-09-14T15:38:46.273,35311.77677974
0.00181217,67.39627561,0.00177613,0.00220307,0.00178001,0.00175,BTC-PART,264.0,1310.0,0.00196158,2017-09-14T15:39:31.35,35311.77677974
0.00177613,67.40307866,0.00177,0.00220307,0.00177613,0.00175,BTC-PART,264.0,1313.0,0.00196158,2017-09-14T15:39:50.343,35315.60704573
0.00177613,67.90122145,0.0017699999999999999,0.00220307,0.00177613,0.00175,BTC-PART,264.0,1312.0,0.0019616,2017-09-14T15:40:34.467,35596.10464172
0.00181209,67.96877407,0.00177,0.00220307,0.00177613,0.00175,BTC-PART,266.0,1312.0,0.00200175,2017-09-14T15:41:52.12,35679.27243369
0.00181192,67.96877407,0.00177001,0.00220307,0.00177613,0.00175,BTC-PART,266.0,1312.0,0.00200175,2017-09-14T15:42:42.103,35679.27243369
0.00181174,67.96877407,0.00177005,0.00220307,0.00177613,0.00175,BTC-PART,266.0,1312.0,0.00200175,2017-09-14T15:43:15.117,35679.27243369
0.00181164,67.96877407,0.00177009,0.00220307,0.00177613,0.00175,BTC-PART,266.0,1312.0,0.00200175,2017-09-14T15:43:50.283,35679.27243369
0.00177008,68.01668806,0.00177001,0.00220307,0.00177008,0.00175,BTC-PART,268.0,1314.0,0.002,2017-09-14T15:44:08.447,35718.12769237
0.00177008,68.02668894,0.0017699999999999999,0.00220307,0.00177008,0.00175,BTC-PART,268.0,1315.0,0.002,2017-09-14T15:44:31.22,35723.77765454
0.00177008,68.51745983,0.00175517,0.00220307,0.00175517,0.00175,BTC-PART,263.0,1313.0,0.002,2017-09-14T15:44:59.527,36003.0877097
0.00177008,68.51905582,0.00175517,0.00220307,0.00177008,0.00175,BTC-PART,264.0,1313.0,0.002,2017-09-14T15:45:41.633,36003.98936386
0.00177008,68.51905582,0.00175517,0.00220307,0.00177008,0.00175,BTC-PART,264.0,1313.0,0.002,2017-09-14T15:45:41.633,36003.98936386
0.00177008,68.51905582,0.00175517,0.00220307,0.00177008,0.00175,BTC-PART,264.0,1313.0,0.002,2017-09-14T15:45:41.633,36003.98936386
0.00177008,68.51905582,0.00175517,0.00220307,0.00177008,0.00175,BTC-PART,264.0,1313.0,0.002,2017-09-14T15:45:41.633,36003.98936386
0.00177008,68.51905582,0.00175517,0.00220307,0.00177008,0.00175,BTC-PART,264.0,1313.0,0.002,2017-09-14T15:45:41.633,36003.98936386
0.00177008,68.22444498,0.00175517,0.00220307,0.00175517,0.00175,BTC-PART,263.0,1312.0,0.00191617,2017-09-14T15:49:13.64,35855.48468672
0.00177008,68.22444498,0.00175517,0.00220307,0.00175517,0.00175,BTC-PART,263.0,1312.0,0.00191617,2017-09-14T15:49:13.64,35855.48468672
0.00177008,68.75099597,0.00175517,0.00220307,0.00175517,0.00175,BTC-PART,262.0,1312.0,0.00191617,2017-09-14T15:50:06.407,36155.48468672
0.00177008,68.75166046,0.00175517,0.00220307,0.00175517,0.00175,BTC-PART,264.0,1314.0,0.00191617,2017-09-14T15:51:12.27,36155.86328092
0.00177008,68.75166046,0.00175517,0.00220307,0.00175517,0.00175,BTC-PART,264.0,1314.0,0.00191617,2017-09-14T15:51:12.27,36155.86328092
0.00177008,70.48909408,0.00175517,0.00220307,0.00175517,0.00175,BTC-PART,264.0,1314.0,0.00193985,2017-09-14T15:52:12.257,37145.86328092
0.00177008,70.48851064,0.00175517,0.00220307,0.00177008,0.00175,BTC-PART,264.0,1314.0,0.00191734,2017-09-14T15:52:58.66,37145.73179142
0.00177008,72.15044498,0.00175524,0.00220307,0.00175517,0.00175,BTC-PART,263.0,1313.0,0.00191734,2017-09-14T15:53:18.027,38088.13626543
0.00177008,72.15044498,0.00175524,0.00220307,0.00175517,0.00175,BTC-PART,263.0,1313.0,0.00191734,2017-09-14T15:53:18.027,38088.13626543
0.00177008,72.25575938,0.00175525,0.00220307,0.00175524,0.00175,BTC-PART,264.0,1314.0,0.00191734,2017-09-14T15:54:53.26,38148.13626543
0.00177008,72.25575938,0.0017554000000000005,0.00220307,0.00175524,0.00175,BTC-PART,264.0,1314.0,0.00191734,2017-09-14T15:55:32.333,38148.13626543
0.00177004,72.25575938,0.00175548,0.00220307,0.00175524,0.00175,BTC-PART,264.0,1314.0,0.00191734,2017-09-14T15:56:27.63,38148.13626543
0.00177008,72.25575938,0.00175548,0.00220307,0.00175524,0.00175,BTC-PART,264.0,1314.0,0.00191734,2017-09-14T15:56:53.37,38148.13626543
0.00177007,72.25575938,0.00175556,0.00220307,0.00175524,0.00175,BTC-PART,264.0,1314.0,0.00191734,2017-09-14T15:57:36.713,38148.13626543
0.0017882999999999996,72.26124559,0.00175565,0.00220307,0.0017882999999999996,0.00175,BTC-PART,266.0,1312.0,0.00191734,2017-09-14T15:58:23.803,38151.20410602
0.00178787,72.26212349,0.00175597,0.00220307,0.00175581,0.00175,BTC-PART,266.0,1313.0,0.00191734,2017-09-14T15:59:00.517,38151.70410602
0.00178751,72.25686173,0.00175629,0.00220307,0.00178758,0.00175,BTC-PART,266.0,1313.0,0.00192999,2017-09-14T15:59:40.013,38148.99960048
0.00178739,72.25686173,0.00175645,0.00220307,0.00178758,0.00175,BTC-PART,266.0,1313.0,0.00192999,2017-09-14T15:59:59.737,38148.99960048
0.00178684,72.25686173,0.00175694,0.00220307,0.00178758,0.00175,BTC-PART,266.0,1313.0,0.00192999,2017-09-14T16:00:53.207,38148.99960048
0.00178658,72.47484172,0.00175718,0.00220307,0.00178667,0.00175,BTC-PART,266.0,1312.0,0.00191741,2017-09-14T16:01:21.713,38271.05525903
0.00178636,72.47484172,0.00175751,0.00220307,0.00178667,0.00175,BTC-PART,266.0,1312.0,0.00191741,2017-09-14T16:01:54.083,38271.05525903
0.00178582,72.47484172,0.00175792,0.00220307,0.00178667,0.00175,BTC-PART,266.0,1312.0,0.00191741,2017-09-14T16:02:50.49,38271.05525903
0.00178546,72.47484172,0.00175824,0.00220307,0.00178667,0.00175,BTC-PART,266.0,1312.0,0.00191741,2017-09-14T16:03:24.09,38271.05525903
0.00178511,72.47484172,0.00175858,0.00220307,0.00178667,0.00175,BTC-PART,266.0,1312.0,0.00191741,2017-09-14T16:04:13.54,38271.05525903
0.0017847999999999996,72.47484172,0.00175893,0.00220307,0.00178667,0.00175,BTC-PART,266.0,1312.0,0.00191741,2017-09-14T16:05:02.913,38271.05525903
0.00178451,72.47484172,0.00175917,0.00220307,0.00178667,0.00175,BTC-PART,266.0,1312.0,0.00191741,2017-09-14T16:05:36.953,38271.05525903
0.00178444,72.50514784,0.00178439,0.00220307,0.00178438,0.00175,BTC-PART,272.0,1308.0,0.00192999,2017-09-14T16:06:14.23,38288.35364482
0.00187411,73.59769706,0.00187409,0.00220307,0.00187411,0.00175,BTC-PART,272.0,1280.0,0.00192999,2017-09-14T16:06:55.99,38885.59565433
0.00187528,73.92631447,0.00187413,0.00220307,0.00187413,0.00175,BTC-PART,273.0,1280.0,0.00192999,2017-09-14T16:07:25.233,39060.94124584
0.00187528,73.92631447,0.00187413,0.00220307,0.00187413,0.00175,BTC-PART,273.0,1280.0,0.00192999,2017-09-14T16:07:25.233,39060.94124584
0.0019,74.03342274,0.00188,0.00220307,0.00188,0.00175,BTC-PART,249.0,1282.0,0.00192999,2017-09-14T16:08:57.63,39117.93223912
0.0019,74.29116527,0.00189999,0.00220307,0.0019,0.00175,BTC-PART,239.0,1282.0,0.00192999,2017-09-14T16:09:31.17,39253.58625698
0.00192679,74.52217466,0.0019235,0.00220307,0.0019224,0.00175,BTC-PART,226.0,1282.0,0.00192999,2017-09-14T16:10:14.463,39375.26820092
0.00192831,74.56671632,0.00192774,0.00220307,0.00192831,0.00175,BTC-PART,219.0,1282.0,0.00192999,2017-09-14T16:10:38.703,39398.41225028
0.00195818,74.59664654,0.00193076,0.00220307,0.00193076,0.00175,BTC-PART,220.0,1284.0,0.00193936,2017-09-14T16:11:11.65,39413.91755612
0.0019379999999999998,74.71331417,0.00193076,0.00220307,0.0019379999999999998,0.00175,BTC-PART,207.0,1289.0,0.00193936,2017-09-14T16:11:47.033,39473.82672285
0.00193072,74.88554363,0.00186522,0.00220307,0.00193076,0.00175,BTC-PART,200.0,1292.0,0.00193936,2017-09-14T16:12:33.56,39563.02966262
0.00193064,74.60574971,0.00186602,0.00220307,0.00193068,0.00175,BTC-PART,204.0,1294.0,0.00193692,2017-09-14T16:13:26.167,39419.21654445
0.00191846,74.60574971,0.00186618,0.00220307,0.00193068,0.00175,BTC-PART,204.0,1294.0,0.00193692,2017-09-14T16:13:55.05,39419.21654445
0.00191798,74.60574971,0.0019100000000000002,0.00220307,0.00193068,0.00175,BTC-PART,204.0,1294.0,0.00193692,2017-09-14T16:14:25.59,39419.21654445
0.001918,74.71520482,0.001911,0.00220307,0.001918,0.00175,BTC-PART,227.0,1291.0,0.00198783,2017-09-14T16:14:59.003,39476.32374679
0.001918,74.71520482,0.001917,0.00220307,0.001918,0.00175,BTC-PART,227.0,1291.0,0.00198783,2017-09-14T16:15:26.743,39476.32374679
0.001919,74.8013141,0.001918,0.00220307,0.001918,0.00175,BTC-PART,211.0,1290.0,0.00198783,2017-09-14T16:16:13.583,39521.24018737
0.00191897,75.04349109,0.00186628,0.00220307,0.001918,0.00175,BTC-PART,205.0,1290.0,0.00198783,2017-09-14T16:17:03.923,39647.50556594
0.0019189,75.13018824,0.00186622,0.00220307,0.00186627,0.00175,BTC-PART,201.0,1292.0,0.00198783,2017-09-14T16:17:34.4,39693.95995207
0.0019136,75.13018824,0.00186624,0.00220307,0.00186627,0.00175,BTC-PART,201.0,1292.0,0.00198783,2017-09-14T16:18:13.313,39693.95995207
0.0019135,75.13982491,0.0018665,0.00220307,0.00191352,0.00175,BTC-PART,220.0,1297.0,0.00198783,2017-09-14T16:19:12.923,39698.99605174
0.00191343,75.13982491,0.00186665,0.00220307,0.00191352,0.00175,BTC-PART,220.0,1297.0,0.00198783,2017-09-14T16:19:41.46,39698.99605174
0.0019132,75.16207703,0.00186672,0.00220307,0.00191338,0.00175,BTC-PART,234.0,1295.0,0.00198807,2017-09-14T16:20:18.187,39710.94026093
0.00191297,75.26721352,0.00186662,0.00220307,0.00186662,0.00175,BTC-PART,236.0,1293.0,0.00198807,2017-09-14T16:21:01.68,39765.91064027
0.00191287,75.34580553,0.00186662,0.00220307,0.00191287,0.00175,BTC-PART,232.0,1293.0,0.0020192,2017-09-14T16:21:40.66,39807.01169353
0.0019,75.34580553,0.00186668,0.00220307,0.00191287,0.00175,BTC-PART,232.0,1293.0,0.0020192,2017-09-14T16:22:15.277,39807.01169353
0.00189999,75.28658711,0.00186665,0.00220307,0.00186664,0.00175,BTC-PART,232.0,1293.0,0.00201924,2017-09-14T16:22:48.19,39779.37402691
0.00189999,75.32458677,0.00189524,0.00220307,0.00189999,0.00175,BTC-PART,238.0,1296.0,0.00201924,2017-09-14T16:23:38.45,39799.37402691
0.00189996,75.36192983,0.00186669,0.00220307,0.00186668,0.00175,BTC-PART,239.0,1298.0,0.00201924,2017-09-14T16:24:07.91,39819.37402691
0.00191358,75.38059743,0.00186865,0.00220307,0.00186676,0.00175,BTC-PART,240.0,1298.0,0.00201924,2017-09-14T16:24:51.513,39829.37402691
0.00191353,75.39204050000002,0.00186873,0.00220307,0.00186872,0.00175,BTC-PART,237.0,1299.0,0.00201924,2017-09-14T16:25:25.193,39835.49750962
0.00191352,75.39204050000002,0.00186894,0.00220307,0.00186872,0.00175,BTC-PART,237.0,1299.0,0.00201924,2017-09-14T16:26:18.893,39835.49750962
0.00189996,75.40138535,0.001869,0.00220307,0.00186897,0.00175,BTC-PART,240.0,1297.0,0.00201924,2017-09-14T16:26:52.46,39840.49750962
0.00189986,75.40138535,0.00186951,0.00220307,0.00186897,0.00175,BTC-PART,240.0,1297.0,0.00201924,2017-09-14T16:27:27.58,39840.49750962
0.0018696,75.42133535,0.00186951,0.00220307,0.0018696,0.00175,BTC-PART,238.0,1303.0,0.00201924,2017-09-14T16:27:54.867,39851.16824133
0.00189983,75.67733542,0.0018690999999999998,0.00220307,0.0018690999999999998,0.00175,BTC-PART,239.0,1302.0,0.00201924,2017-09-14T16:28:30.937,39988.12432681
0.0018998,75.77277662,0.00186663,0.00220307,0.00186663,0.00175,BTC-PART,240.0,1301.0,0.00201924,2017-09-14T16:29:13.273,40039.20921331
0.0018998,75.76802945,0.00186665,0.00220307,0.00186665,0.00175,BTC-PART,250.0,1303.0,0.00198798,2017-09-14T16:29:28.417,40036.89176331
0.0018998,75.76802945,0.00186667,0.00220307,0.00186665,0.00175,BTC-PART,250.0,1303.0,0.00198798,2017-09-14T16:30:05.3,40036.89176331
0.00191341,75.78702745,0.0018998,0.00220307,0.0018998,0.00175,BTC-PART,261.0,1302.0,0.00198798,2017-09-14T16:31:13.72,40046.89176331
0.00191341,75.78702745,0.0018998,0.00220307,0.0018998,0.00175,BTC-PART,261.0,1302.0,0.00198798,2017-09-14T16:31:13.72,40046.89176331
0.00191341,75.80956172,0.0018667000000000002,0.00220307,0.0018998,0.00175,BTC-PART,261.0,1301.0,0.00198798,2017-09-14T16:32:29.377,40058.75315497
0.00191337,75.80956172,0.00187286,0.00220307,0.0018998,0.00175,BTC-PART,261.0,1301.0,0.00198798,2017-09-14T16:32:59.803,40058.75315497
0.00191332,75.80956172,0.00187286,0.00220307,0.0018998,0.00175,BTC-PART,261.0,1301.0,0.00198798,2017-09-14T16:33:34.187,40058.75315497
0.00191326,76.00149699,0.00186667,0.00220307,0.00186667,0.00175,BTC-PART,257.0,1298.0,0.00201924,2017-09-14T16:34:16.85,40162.22006502
0.00190107,76.00149699,0.00187,0.00220307,0.00186667,0.00175,BTC-PART,257.0,1298.0,0.00201924,2017-09-14T16:34:44.09,40162.22006502
0.00189918,76.00149699,0.00187001,0.00220307,0.00186667,0.00175,BTC-PART,257.0,1298.0,0.00201924,2017-09-14T16:35:38.007,40162.22006502
0.00190105,76.00149699,0.00187001,0.00220307,0.00186667,0.00175,BTC-PART,257.0,1298.0,0.00201924,2017-09-14T16:36:14.903,40162.22006502
0.00189746,76.00149699,0.00187001,0.00220307,0.00186667,0.00175,BTC-PART,257.0,1298.0,0.00201924,2017-09-14T16:36:52.74,40162.22006502
0.00189998,75.9978104,0.00189746,0.00220307,0.00189746,0.00175,BTC-PART,261.0,1292.0,0.00202001,2017-09-14T16:37:43.093,40160.6601671
0.00189998,75.9978104,0.00189746,0.00220307,0.00189746,0.00175,BTC-PART,261.0,1292.0,0.00202001,2017-09-14T16:37:43.093,40160.6601671
0.00189998,75.9978104,0.00189746,0.00220307,0.00189746,0.00175,BTC-PART,261.0,1292.0,0.00202001,2017-09-14T16:37:43.093,40160.6601671
0.00189746,76.03992339,0.00187004,0.00220307,0.00189746,0.00175,BTC-PART,263.0,1299.0,0.00202001,2017-09-14T16:39:31.85,40182.85457513
0.00189594,76.03992339,0.00187004,0.00220307,0.00189746,0.00175,BTC-PART,263.0,1299.0,0.00202001,2017-09-14T16:40:08.95,40182.85457513
0.00189589,76.03992339,0.00187004,0.00220307,0.00189746,0.00175,BTC-PART,263.0,1299.0,0.00202001,2017-09-14T16:40:56.6,40182.85457513
0.00187005,76.07470794,0.00187004,0.00220307,0.00187005,0.00175,BTC-PART,265.0,1299.0,0.00202204,2017-09-14T16:41:48.967,40201.89511329
0.00189453,76.12670453,0.00187001,0.00220307,0.00187,0.00175,BTC-PART,263.0,1298.0,0.00202204,2017-09-14T16:42:06.703,40229.70070526
0.00189452,76.12670453,0.00187001,0.00220307,0.00187,0.00175,BTC-PART,263.0,1298.0,0.00202204,2017-09-14T16:42:29.037,40229.70070526
0.00189328,76.12670453,0.0018701,0.00220307,0.00187,0.00175,BTC-PART,263.0,1298.0,0.00202204,2017-09-14T16:43:41.847,40229.70070526
0.00189328,76.12670453,0.00187935,0.00220307,0.00187,0.00175,BTC-PART,263.0,1298.0,0.00202204,2017-09-14T16:44:12.383,40229.70070526
0.00189217,76.12670453,0.00188,0.00220307,0.00187,0.00175,BTC-PART,263.0,1298.0,0.00202204,2017-09-14T16:44:36.357,40229.70070526
0.00189593,76.13394397,0.00189217,0.00220307,0.00189452,0.00175,BTC-PART,270.0,1297.0,0.00202204,2017-09-14T16:45:27.85,40233.52636002
0.00191324,76.17791455,0.00191323,0.00220307,0.00191323,0.00175,BTC-PART,272.0,1293.0,0.00202204,2017-09-14T16:46:10.343,40256.51710485
0.00191361,76.07573531,0.00191323,0.00220307,0.00191343,0.00175,BTC-PART,270.0,1292.0,0.00202205,2017-09-14T16:46:34.567,40207.13094453
0.00192005,76.0904569,0.00191361,0.00220307,0.00191361,0.00175,BTC-PART,269.0,1290.0,0.00202205,2017-09-14T16:47:06.883,40214.82404453
0.00196603,76.15258805,0.00192006,0.00220307,0.00192005,0.00175,BTC-PART,258.0,1290.0,0.00202205,2017-09-14T16:47:59.657,40247.23964121
0.00192963,76.16332611,0.00192005,0.00220307,0.00196603,0.00175,BTC-PART,256.0,1292.0,0.00202205,2017-09-14T16:48:21.583,40252.81542041
0.00192963,76.16332611,0.00192005,0.00220307,0.00196603,0.00175,BTC-PART,256.0,1292.0,0.00202205,2017-09-14T16:48:21.583,40252.81542041
0.00192962,76.16332611,0.00187941,0.00220307,0.00196603,0.00175,BTC-PART,256.0,1292.0,0.00202205,2017-09-14T16:49:59.273,40252.81542041
0.00192954,76.35767881,0.00187002,0.00220307,0.00187935,0.00175,BTC-PART,241.0,1305.0,0.00202205,2017-09-14T16:50:40.013,40356.22402466
0.00192623,76.35767881,0.00187006,0.00220307,0.00187935,0.00175,BTC-PART,241.0,1305.0,0.00202205,2017-09-14T16:51:15.333,40356.22402466
0.00192609,76.45772172,0.00187003,0.00220307,0.00187003,0.00175,BTC-PART,252.0,1309.0,0.00202205,2017-09-14T16:51:50.103,40410.76121505
0.00192598,76.47953012,0.00187005,0.00220307,0.00192601,0.00175,BTC-PART,258.0,1313.0,0.00202205,2017-09-14T16:52:20.467,40422.08431582
0.00192585,76.47953012,0.00187005,0.00220307,0.00192601,0.00175,BTC-PART,258.0,1313.0,0.00202205,2017-09-14T16:52:57.3,40422.08431582
0.00192561,77.0540757,0.00182027,0.00220307,0.00182014,0.00175,BTC-PART,268.0,1311.0,0.00202205,2017-09-14T16:53:29.43,40733.15787151
0.00192505,77.0540757,0.00184042,0.00220307,0.00182014,0.00175,BTC-PART,268.0,1311.0,0.00202205,2017-09-14T16:54:14.737,40733.15787151
0.00192453,77.14559739,0.00185953,0.00220307,0.00192476,0.00175,BTC-PART,280.0,1309.0,0.00201924,2017-09-14T16:54:56.883,40780.72811329
0.00192388,77.14559739,0.00185973,0.00220307,0.00192476,0.00175,BTC-PART,280.0,1309.0,0.00201924,2017-09-14T16:55:38.577,40780.72811329
0.00192344,77.14559739,0.00187186,0.00220307,0.00192476,0.00175,BTC-PART,280.0,1309.0,0.00201924,2017-09-14T16:56:14.35,40780.72811329
0.00192295,77.14559739,0.0018719000000000001,0.00220307,0.00192476,0.00175,BTC-PART,280.0,1309.0,0.00201924,2017-09-14T16:56:50.713,40780.72811329
0.00192257,77.16848927,0.0018719,0.00220307,0.00192266,0.00175,BTC-PART,267.0,1308.0,0.00202205,2017-09-14T16:57:26.593,40794.48496275
0.0019221,77.16848927,0.00188261,0.00220307,0.00192266,0.00175,BTC-PART,267.0,1308.0,0.00202205,2017-09-14T16:58:06.553,40794.48496275
0.00192171,77.16848927,0.00188263,0.00220307,0.00192266,0.00175,BTC-PART,267.0,1308.0,0.00202205,2017-09-14T16:58:54.407,40794.48496275
0.00192133,77.01573938,0.00188264,0.00220307,0.00188263,0.00175,BTC-PART,263.0,1308.0,0.00207639,2017-09-14T16:59:32.3,40720.17579439
0.00192093,77.01573938,0.00187696,0.00220307,0.00188263,0.00175,BTC-PART,263.0,1308.0,0.00207639,2017-09-14T17:00:15.637,40720.17579439
0.00189988,77.02138727,0.00187695,0.00220307,0.00188263,0.00175,BTC-PART,262.0,1303.0,0.00207639,2017-09-14T17:00:59.923,40723.17579439
0.0018996,77.02138727,0.00187695,0.00220307,0.00188263,0.00175,BTC-PART,262.0,1303.0,0.00207639,2017-09-14T17:01:30.82,40723.17579439
0.00189792,77.02138727,0.00187695,0.00220307,0.00188263,0.00175,BTC-PART,262.0,1303.0,0.00207639,2017-09-14T17:02:13.31,40723.17579439
0.00189772,77.03538725,0.00182623,0.00220307,0.00187695,0.00175,BTC-PART,263.0,1303.0,0.00207639,2017-09-14T17:02:43.423,40730.63469439
0.00189735,77.03538725,0.00182686,0.00220307,0.00187695,0.00175,BTC-PART,263.0,1303.0,0.00207639,2017-09-14T17:03:20.46,40730.63469439
0.0018971,77.03538725,0.00184003,0.00220307,0.00187695,0.00175,BTC-PART,263.0,1303.0,0.00207639,2017-09-14T17:03:51.277,40730.63469439
0.00184002,77.07660940000002,0.0018399999999999998,0.00220307,0.00184004,0.00175,BTC-PART,290.0,1307.0,0.00207496,2017-09-14T17:04:21.487,40753.07799859
0.00184003,77.07660940000002,0.00184,0.00220307,0.00184004,0.00175,BTC-PART,290.0,1307.0,0.00207496,2017-09-14T17:05:07.133,40753.07799859
0.00189924,77.15096668,0.00184011,0.00220307,0.00184004,0.00175,BTC-PART,301.0,1302.0,0.00207496,2017-09-14T17:05:49.7,40793.48870573
0.00189893,77.15096668,0.00184025,0.00220307,0.00184004,0.00175,BTC-PART,301.0,1302.0,0.00207496,2017-09-14T17:06:21.72,40793.48870573
0.00189864,77.15096668,0.00184043,0.00220307,0.00184004,0.00175,BTC-PART,301.0,1302.0,0.00207496,2017-09-14T17:07:00.96,40793.48870573
0.00189808,77.15096668,0.00184058,0.00220307,0.00184004,0.00175,BTC-PART,301.0,1302.0,0.00207496,2017-09-14T17:07:45.297,40793.48870573
0.0018976,77.15966674,0.00184068,0.00220307,0.00184065,0.00175,BTC-PART,310.0,1305.0,0.00208999,2017-09-14T17:08:28.397,40801.83069427
0.00189724,77.15966674,0.00184073,0.00220307,0.00184065,0.00175,BTC-PART,310.0,1305.0,0.00208999,2017-09-14T17:09:05.87,40801.83069427
0.00189682,77.15966674,0.00185,0.00220307,0.00184065,0.00175,BTC-PART,310.0,1305.0,0.00208999,2017-09-14T17:09:45.67,40801.83069427
0.00189637,76.85965167,0.00184005,0.00220307,0.00184004,0.00175,BTC-PART,303.0,1304.0,0.00209,2017-09-14T17:10:21.753,40660.1281895
0.0018959,76.85965167,0.00184005,0.00220307,0.00184004,0.00175,BTC-PART,303.0,1304.0,0.00209,2017-09-14T17:10:57.883,40660.1281895
0.00189539,76.85965167,0.00184005,0.00220307,0.00184004,0.00175,BTC-PART,303.0,1304.0,0.00209,2017-09-14T17:11:44.89,40660.1281895
0.00189491,76.85965167,0.00184011,0.00220307,0.00184004,0.00175,BTC-PART,303.0,1304.0,0.00209,2017-09-14T17:12:21.757,40660.1281895
0.00189439,76.85965167,0.00184017,0.00220307,0.00184004,0.00175,BTC-PART,303.0,1304.0,0.00209,2017-09-14T17:13:01.84,40660.1281895
0.00189385,76.85965167,0.00184888,0.00220307,0.00184004,0.00175,BTC-PART,303.0,1304.0,0.00209,2017-09-14T17:13:40.36,40660.1281895
0.00189315,76.85965167,0.00184888,0.00220307,0.00184004,0.00175,BTC-PART,303.0,1304.0,0.00209,2017-09-14T17:14:30.6,40660.1281895
0.00189262,76.85965167,0.00184888,0.00220307,0.00184004,0.00175,BTC-PART,303.0,1304.0,0.00209,2017-09-14T17:15:14.34,40660.1281895
0.00189225,76.85965167,0.00184888,0.00220307,0.00184004,0.00175,BTC-PART,303.0,1304.0,0.00209,2017-09-14T17:15:48.517,40660.1281895
0.00189184,76.85965167,0.00184888,0.00220307,0.00184004,0.00175,BTC-PART,303.0,1304.0,0.00209,2017-09-14T17:16:28.443,40660.1281895
0.00189124,76.85965167,0.00184888,0.00220307,0.00184004,0.00175,BTC-PART,303.0,1304.0,0.00209,2017-09-14T17:17:14.37,40660.1281895
0.00189049,76.85965167,0.00184888,0.00220307,0.00184004,0.00175,BTC-PART,303.0,1304.0,0.00209,2017-09-14T17:18:09.8,40660.1281895
0.00188989,76.85965167,0.00184888,0.00220307,0.00184004,0.00175,BTC-PART,303.0,1304.0,0.00209,2017-09-14T17:19:05.76,40660.1281895
0.00187665,76.46333855,0.00184004,0.00220307,0.00184888,0.00175,BTC-PART,266.0,1304.0,0.00207496,2017-09-14T17:20:06.253,40470.36985223
0.00187479,76.47810018,0.00184004,0.00220307,0.00184004,0.00175,BTC-PART,270.0,1302.0,0.00207496,2017-09-14T17:20:44.443,40478.39231151
0.00187469,76.47810018,0.00184004,0.00220307,0.00184004,0.00175,BTC-PART,270.0,1302.0,0.00207496,2017-09-14T17:21:35.513,40478.39231151
0.001873,76.47810018,0.00184004,0.00220307,0.00184004,0.00175,BTC-PART,270.0,1302.0,0.00207496,2017-09-14T17:22:05.343,40478.39231151
0.00187149,76.47810018,0.00184004,0.00220307,0.00184004,0.00175,BTC-PART,270.0,1302.0,0.00207496,2017-09-14T17:22:58.43,40478.39231151
0.00187006,76.48254366,0.00184004,0.00220307,0.00187008,0.00175,BTC-PART,272.0,1302.0,0.00209993,2017-09-14T17:24:14.97,40480.97419532
0.0018699,76.48254366,0.00184001,0.00220307,0.00187008,0.00175,BTC-PART,272.0,1302.0,0.00209993,2017-09-14T17:25:08.4,40480.97419532
0.00186869,76.48254366,0.00184001,0.00220307,0.00187008,0.00175,BTC-PART,272.0,1302.0,0.00209993,2017-09-14T17:25:58.967,40480.97419532
0.00184001,76.49930233,0.0018399999999999998,0.00220307,0.00184001,0.00175,BTC-PART,270.0,1304.0,0.0021,2017-09-14T17:26:39.253,40490.82293391
0.00186765,76.49930233,0.00184,0.00220307,0.00184001,0.00175,BTC-PART,270.0,1304.0,0.0021,2017-09-14T17:27:16.583,40490.82293391
0.00183999,76.80690904,0.0018045000000000001,0.00220307,0.0018045000000000001,0.00175,BTC-PART,270.0,1301.0,0.0021,2017-09-14T17:27:56.353,40658.62312589
0.00183999,76.80690904,0.00180458,0.00220307,0.0018045,0.00175,BTC-PART,270.0,1301.0,0.0021,2017-09-14T17:28:49.893,40658.62312589
0.00183998,76.80690904,0.00180466,0.00220307,0.0018045000000000001,0.00175,BTC-PART,270.0,1301.0,0.0021,2017-09-14T17:29:20.6,40658.62312589
0.00183998,76.76439102,0.00180474,0.00220307,0.00180474,0.00175,BTC-PART,275.0,1303.0,0.0021,2017-09-14T17:30:05.54,40638.51073016
0.00183999,76.76439102,0.00180482,0.00220307,0.00180474,0.00175,BTC-PART,275.0,1303.0,0.0021,2017-09-14T17:30:36.89,40638.51073016
0.00183995,76.76439102,0.00180501,0.00220307,0.00180474,0.00175,BTC-PART,275.0,1303.0,0.0021,2017-09-14T17:31:26.55,40638.51073016
0.00183989,76.76439102,0.00180503,0.00220307,0.00180474,0.00175,BTC-PART,275.0,1303.0,0.0021,2017-09-14T17:32:16.167,40638.51073016
0.00183503,76.76439102,0.00180503,0.00220307,0.00180474,0.00175,BTC-PART,275.0,1303.0,0.0021,2017-09-14T17:32:46.247,40638.51073016
0.00183503,76.76439102,0.00180503,0.00220307,0.00180474,0.00175,BTC-PART,275.0,1303.0,0.0021,2017-09-14T17:32:46.247,40638.51073016
0.00183971,76.74093585,0.00183503,0.00220307,0.00183503,0.00175,BTC-PART,285.0,1303.0,0.00210108,2017-09-14T17:34:11.787,40627.50986455
0.0018399999999999998,76.74093585,0.00183503,0.00220307,0.00183503,0.00175,BTC-PART,285.0,1303.0,0.00210108,2017-09-14T17:34:39.12,40627.50986455
0.00183999,76.74617629,0.00183503,0.00220307,0.00184,0.00175,BTC-PART,282.0,1297.0,0.00210109,2017-09-14T17:35:21.793,40631.08716436
0.00183998,76.74617629,0.00183503,0.00220307,0.0018399999999999998,0.00175,BTC-PART,282.0,1297.0,0.00210109,2017-09-14T17:35:24.437,40631.08716436
0.00183502,76.75024912,0.00180506,0.00220307,0.00183503,0.00175,BTC-PART,281.0,1301.0,0.00210109,2017-09-14T17:36:29.473,40633.30665396
0.00183496,76.75024912,0.00180506,0.00220307,0.00183503,0.00175,BTC-PART,281.0,1301.0,0.00210109,2017-09-14T17:37:11.82,40633.30665396
0.0018349,76.75024912,0.001834,0.00220307,0.00183503,0.00175,BTC-PART,281.0,1301.0,0.00210109,2017-09-14T17:37:44.78,40633.30665396
0.0018349,76.75024912,0.001834,0.00220307,0.00183503,0.00175,BTC-PART,281.0,1301.0,0.00210109,2017-09-14T17:38:29.91,40633.30665396
0.00183503,76.43691666,0.001834,0.00220307,0.00183503,0.00175,BTC-PART,280.0,1301.0,0.00210108,2017-09-14T17:39:21.133,40496.25653636
0.00183503,76.43691666,0.001834,0.00220307,0.00183503,0.00175,BTC-PART,280.0,1301.0,0.00210108,2017-09-14T17:39:39.227,40496.25653636
0.00183998,76.43701563,0.00183503,0.00220307,0.00183503,0.00175,BTC-PART,281.0,1303.0,0.00210108,2017-09-14T17:40:19.59,40496.3104726
0.00186747,76.57769323,0.0018399999999999998,0.00220307,0.0018399999999999998,0.00175,BTC-PART,283.0,1298.0,0.00210108,2017-09-14T17:41:05.487,40572.76583705
0.00186738,76.57769323,0.00183503,0.00220307,0.00184,0.00175,BTC-PART,283.0,1298.0,0.00210108,2017-09-14T17:41:46.303,40572.76583705
0.00186639,76.57769323,0.00183503,0.00220307,0.0018399999999999998,0.00175,BTC-PART,283.0,1298.0,0.00210108,2017-09-14T17:42:25.887,40572.76583705
0.00186624,76.57769323,0.00184,0.00220307,0.00184,0.00175,BTC-PART,283.0,1298.0,0.00210108,2017-09-14T17:43:01.547,40572.76583705
0.00186549,76.57769323,0.0018399999999999998,0.00220307,0.0018399999999999998,0.00175,BTC-PART,283.0,1298.0,0.00210108,2017-09-14T17:43:38.703,40572.76583705
0.00186544,76.57769323,0.00184,0.00220307,0.00184,0.00175,BTC-PART,283.0,1298.0,0.00210108,2017-09-14T17:44:11.88,40572.76583705
0.0018647000000000002,76.57769323,0.0018399999999999998,0.00220307,0.0018399999999999998,0.00175,BTC-PART,283.0,1298.0,0.00210108,2017-09-14T17:44:50.4,40572.76583705
0.00186464,76.57769323,0.00184,0.00220307,0.00184,0.00175,BTC-PART,283.0,1298.0,0.00210108,2017-09-14T17:45:14.543,40572.76583705
0.00186384,76.94069983,0.00180037,0.00220307,0.00180026,0.00175,BTC-PART,284.0,1299.0,0.0020555,2017-09-14T17:46:10.343,40777.10076704
0.00186355,76.94069983,0.00180068,0.00220307,0.00180026,0.00175,BTC-PART,284.0,1299.0,0.0020555,2017-09-14T17:46:45.847,40777.10076704
0.00186277,76.94069983,0.00180117,0.00220307,0.00180026,0.00175,BTC-PART,284.0,1299.0,0.0020555,2017-09-14T17:47:29.383,40777.10076704
0.00186238,76.94069983,0.00180151,0.00220307,0.00180026,0.00175,BTC-PART,284.0,1299.0,0.0020555,2017-09-14T17:48:03.933,40777.10076704
0.00186187,76.94069983,0.00180183,0.00220307,0.00180026,0.00175,BTC-PART,284.0,1299.0,0.0020555,2017-09-14T17:48:42.767,40777.10076704
0.00186155,76.94069983,0.00180208,0.00220307,0.00180026,0.00175,BTC-PART,284.0,1299.0,0.0020555,2017-09-14T17:49:10.207,40777.10076704
0.00186105,76.94069983,0.00180224,0.00220307,0.00180026,0.00175,BTC-PART,284.0,1299.0,0.0020555,2017-09-14T17:49:43.973,40777.10076704
0.00186057,76.94069983,0.00180187,0.00220307,0.00180026,0.00175,BTC-PART,284.0,1299.0,0.0020555,2017-09-14T17:50:20.057,40777.10076704
0.00186018,76.93534006,0.00180196,0.00220307,0.00186046,0.00175,BTC-PART,288.0,1300.0,0.0020555,2017-09-14T17:50:55.607,40774.87334052
0.00185984,76.9899632,0.00180197,0.00220307,0.00180197,0.00175,BTC-PART,287.0,1303.0,0.0020555,2017-09-14T17:51:26.2,40805.1863561
0.00185938,76.9899632,0.00180205,0.00220307,0.00180197,0.00175,BTC-PART,287.0,1303.0,0.0020555,2017-09-14T17:52:09.753,40805.1863561
0.00185909,76.9899632,0.0018022,0.00220307,0.00180197,0.00175,BTC-PART,287.0,1303.0,0.0020555,2017-09-14T17:52:41.71,40805.1863561
0.0018585999999999997,77.08227063,0.00180223,0.00220307,0.00180222,0.00175,BTC-PART,289.0,1301.0,0.0020555,2017-09-14T17:53:21.853,40856.40507930001
0.00185807,77.08227063,0.00180223,0.00220307,0.00180222,0.00175,BTC-PART,289.0,1301.0,0.0020555,2017-09-14T17:54:00.327,40856.40507930001
0.00182206,76.97180946,0.00180223,0.00220307,0.00180223,0.00175,BTC-PART,289.0,1303.0,0.00203995,2017-09-14T17:54:47.407,40802.29288049
0.0018572,76.97336328,0.00180228,0.00220307,0.001822,0.00175,BTC-PART,290.0,1303.0,0.00203995,2017-09-14T17:55:25.3,40803.14569531
0.00185666,76.97336328,0.00180233,0.00220307,0.0018219999999999998,0.00175,BTC-PART,290.0,1303.0,0.00203995,2017-09-14T17:56:15.743,40803.14569531
0.00185643,76.97336328,0.001822,0.00220307,0.001822,0.00175,BTC-PART,290.0,1303.0,0.00203995,2017-09-14T17:56:48.543,40803.14569531
0.00185603,76.97336328,0.0018219999999999998,0.00220307,0.0018219999999999998,0.00175,BTC-PART,290.0,1303.0,0.00203995,2017-09-14T17:57:28.657,40803.14569531
0.00185554,76.97336328,0.00182201,0.00220307,0.001822,0.00175,BTC-PART,290.0,1303.0,0.00203995,2017-09-14T17:58:14.707,40803.14569531
0.00185536,76.97336328,0.00182201,0.00220307,0.0018219999999999998,0.00175,BTC-PART,290.0,1303.0,0.00203995,2017-09-14T17:59:00.837,40803.14569531
0.00185521,76.97336328,0.00182201,0.00220307,0.001822,0.00175,BTC-PART,290.0,1303.0,0.00203995,2017-09-14T17:59:36.62,40803.14569531
0.00185506,76.97336328,0.00182201,0.00220307,0.0018219999999999998,0.00175,BTC-PART,290.0,1303.0,0.00203995,2017-09-14T18:00:18.717,40803.14569531
0.00185487,76.95363471,0.001822,0.00220307,0.001822,0.00175,BTC-PART,287.0,1302.0,0.00200004,2017-09-14T18:01:10.457,40794.29031663
0.00180223,76.96895168,0.00180222,0.00220307,0.00180222,0.00175,BTC-PART,284.0,1297.0,0.002,2017-09-14T18:01:45.647,40806.3807147
0.00180223,76.97045167,0.00180222,0.00220307,0.00180223,0.00175,BTC-PART,284.0,1299.0,0.002,2017-09-14T18:02:15.79,40807.2130169
0.00182024,76.97045167,0.00180222,0.00220307,0.00180223,0.00175,BTC-PART,284.0,1299.0,0.002,2017-09-14T18:02:52.747,40807.2130169
0.00182024,77.13415915,0.00180222,0.00220307,0.00180222,0.00175,BTC-PART,282.0,1297.0,0.002,2017-09-14T18:03:28.95,40898.04958646
0.00182024,77.13415915,0.00180222,0.00220307,0.00180222,0.00175,BTC-PART,282.0,1297.0,0.002,2017-09-14T18:03:28.95,40898.04958646
0.00185922,76.76478905,0.00182025,0.00220307,0.00182025,0.00175,BTC-PART,282.0,1295.0,0.00201453,2017-09-14T18:05:25.663,40716.47347632
0.00185925,76.82747295,0.00185913,0.00220307,0.00185913,0.00175,BTC-PART,284.0,1291.0,0.00201453,2017-09-14T18:06:23.403,40753.15555979
0.00185914,76.82747295,0.00180223,0.00220307,0.00185913,0.00175,BTC-PART,284.0,1291.0,0.00201453,2017-09-14T18:07:12.733,40753.15555979
0.00185925,76.82914054,0.00185914,0.00220307,0.00185914,0.00175,BTC-PART,280.0,1289.0,0.00201453,2017-09-14T18:07:13.203,40754.05252863
0.00185911,76.24976895,0.00180226,0.00220307,0.00185914,0.00175,BTC-PART,266.0,1289.0,0.0019901,2017-09-14T18:08:31.76,40467.07629847
0.00185875,76.24976895,0.0018023,0.00220307,0.00185914,0.00175,BTC-PART,266.0,1289.0,0.0019901,2017-09-14T18:09:09.24,40467.07629847
0.0018584,76.24976895,0.00180234,0.00220307,0.00185914,0.00175,BTC-PART,266.0,1289.0,0.0019901,2017-09-14T18:09:48.163,40467.07629847
0.00185794,76.53436608,0.00180223,0.00220307,0.00180222,0.00175,BTC-PART,261.0,1294.0,0.0019901,2017-09-14T18:10:39.217,40626.43244126
0.00185747,76.53436608,0.00181001,0.00220307,0.00180222,0.00175,BTC-PART,261.0,1294.0,0.0019901,2017-09-14T18:11:35.1,40626.43244126
0.00185708,76.93406673,0.00180222,0.00220307,0.00180222,0.00175,BTC-PART,266.0,1297.0,0.0019901,2017-09-14T18:12:17.49,40848.05269874
0.00185665,76.93406673,0.00180222,0.00220307,0.00180222,0.00175,BTC-PART,266.0,1297.0,0.0019901,2017-09-14T18:12:56.227,40848.05269874
0.00185627,76.93406673,0.00180222,0.00220307,0.00180222,0.00175,BTC-PART,266.0,1297.0,0.0019901,2017-09-14T18:13:30.617,40848.05269874
0.00185589,76.93406673,0.00180225,0.00220307,0.00180222,0.00175,BTC-PART,266.0,1297.0,0.0019901,2017-09-14T18:14:07.617,40848.05269874
0.00185552,76.93406673,0.00180226,0.00220307,0.00180222,0.00175,BTC-PART,266.0,1297.0,0.0019901,2017-09-14T18:14:44.067,40848.05269874
0.00185524,76.93406673,0.00180226,0.00220307,0.00180222,0.00175,BTC-PART,266.0,1297.0,0.0019901,2017-09-14T18:15:17.847,40848.05269874
0.00185486,76.93406673,0.00180226,0.00220307,0.00180222,0.00175,BTC-PART,266.0,1297.0,0.0019901,2017-09-14T18:16:01.647,40848.05269874
0.0018544,76.93406673,0.0018023,0.00220307,0.00180222,0.00175,BTC-PART,266.0,1297.0,0.0019901,2017-09-14T18:16:53.073,40848.05269874
0.00185394,76.93406673,0.0018023,0.00220307,0.00180222,0.00175,BTC-PART,266.0,1297.0,0.0019901,2017-09-14T18:17:48.86,40848.05269874
0.00185356,76.93406673,0.0018023,0.00220307,0.00180222,0.00175,BTC-PART,266.0,1297.0,0.0019901,2017-09-14T18:18:25.077,40848.05269874
0.00185328,76.93406673,0.0018023,0.00220307,0.00180222,0.00175,BTC-PART,266.0,1297.0,0.0019901,2017-09-14T18:19:09.19,40848.05269874
0.00185296,76.93406673,0.0018023,0.00220307,0.00180222,0.00175,BTC-PART,266.0,1297.0,0.0019901,2017-09-14T18:19:51.893,40848.05269874
0.00185251,76.93406673,0.0018023,0.00220307,0.00180222,0.00175,BTC-PART,266.0,1297.0,0.0019901,2017-09-14T18:21:07.437,40848.05269874
0.00185232,76.93406673,0.0018023,0.00220307,0.00180222,0.00175,BTC-PART,266.0,1297.0,0.0019901,2017-09-14T18:21:41.263,40848.05269874
0.00180229,76.51860902,0.00180225,0.00220307,0.00180229,0.00175,BTC-PART,278.0,1297.0,0.00212,2017-09-14T18:22:15.993,40650.62264633
0.00180229,76.51860902,0.00180225,0.00220307,0.00180229,0.00175,BTC-PART,278.0,1297.0,0.00212,2017-09-14T18:22:15.993,40650.62264633
0.00180229,76.51860902,0.00180225,0.00220307,0.00180229,0.00175,BTC-PART,278.0,1297.0,0.00212,2017-09-14T18:22:15.993,40650.62264633
0.00185187,76.56107397,0.00180225,0.00220307,0.00180225,0.00175,BTC-PART,282.0,1297.0,0.00212,2017-09-14T18:24:45.067,40674.18439224
0.00185149,76.91362256,0.00180001,0.00220307,0.00180001,0.00175,BTC-PART,282.0,1299.0,0.00212,2017-09-14T18:25:20.483,40869.94537283
0.00185109,76.91362256,0.00180001,0.00220307,0.00180001,0.00175,BTC-PART,282.0,1299.0,0.00212,2017-09-14T18:26:00.907,40869.94537283
0.00185076,76.93741973,0.00180001,0.00220307,0.00180001,0.00175,BTC-PART,282.0,1298.0,0.00212,2017-09-14T18:26:33.823,40883.16595383
0.00185051,76.93741973,0.00180369,0.00220307,0.00180001,0.00175,BTC-PART,282.0,1298.0,0.00212,2017-09-14T18:27:12.54,40883.16595383
0.00185004,76.93741973,0.00180369,0.00220307,0.00180001,0.00175,BTC-PART,282.0,1298.0,0.00212,2017-09-14T18:27:56.23,40883.16595383
0.00184964,76.93741973,0.00180369,0.00220307,0.00180001,0.00175,BTC-PART,282.0,1298.0,0.00212,2017-09-14T18:28:34.837,40883.16595383
0.00184932,76.93741973,0.00180369,0.00220307,0.00180001,0.00175,BTC-PART,282.0,1298.0,0.00212,2017-09-14T18:29:13.257,40883.16595383
0.00184893,76.93741973,0.00180369,0.00220307,0.00180001,0.00175,BTC-PART,282.0,1298.0,0.00212,2017-09-14T18:29:48.393,40883.16595383
0.00184853,76.93741973,0.00180369,0.00220307,0.00180001,0.00175,BTC-PART,282.0,1298.0,0.00212,2017-09-14T18:30:22.327,40883.16595383
0.00184815,76.93741973,0.00180369,0.00220307,0.00180001,0.00175,BTC-PART,282.0,1298.0,0.00212,2017-09-14T18:30:54.29,40883.16595383
